10.7738
9.97852
9.61540
8.91476
8.44583
8.39603
8.24150
10.2840
10.3916
10.4400
9.92497
9.84334
10.6572
8.38501
8.79531
8.32957
9.62953
9.35434
10.1402
9.83088
11.4491
13.1080
13.4376
13.6658
13.5767
13.3791
11.2191
10.4697
9.05827
9.37468
8.86740
7.44625
7.75677
6.74547
6.50944
9.03088
7.82444
7.49435
6.82898
7.56359
7.86674
5.86250
5.80715
5.05805
5.01049
4.02477
4.51696
5.26895
3.94582
4.25457
4.16930
4.38226
3.42643
3.15895
4.75135
4.07206
3.86591
1.62032
1.33559
1.32854
1.27621
1.32028
0.913137
-0.321958
0.497877
1.22173
2.82619
2.02586
2.35819
2.84787
4.09006
3.77474
4.28192
4.38089
4.43231
5.10170
5.60462
6.08461
4.56681
5.27122
6.61275
5.69706
5.58137
4.64105
4.74410
4.02536
6.09936
5.10849
4.15417
3.35097
2.48529
2.18136
1.88955
1.33051
1.38728
0.493656
0.409021
0.900732
0.250157
0.00826485
0.826248
0.888103
0.555877
1.06838
1.82427
2.03642
2.23052
1.75481
1.72752
1.33761
2.04339
2.84206
1.39367
2.45840
2.35800
3.42180
1.72861
2.56611
1.74739
1.51781
3.33878
2.73529
3.49790
4.24323
4.55364
4.54834
6.12031
6.86019
7.13674
8.44889
9.07290
7.15483
6.46099
5.04700
4.71981
4.56125
3.57791
4.34592
3.53682
2.57619
1.01564
0.830395
0.630376
0.672875
1.10254
1.56442
1.14150
-0.183968
-0.0546231
0.592567
1.96129
1.34549
1.51647
0.887947
3.84576
4.70665
4.49362
6.00997
4.81684
5.29404
4.55663
3.33088
0.867538
1.40286
0.542474
1.24432
0.347766
0.811616
1.49363
1.05087
0.158257
-1.45656
0.992653
0.903386
1.71767
2.38458
0.769571
-1.47797
-1.12419
-0.0437096
-0.172551
-0.414756
-0.0622922
0.854437
1.99771
2.15103
1.53180
-0.299868
-1.16410
-1.22941
-1.17069
-2.32485
-2.38937
0.987823
1.92545
2.48588
2.30345
2.09484
1.30143
1.51622
2.62044
2.38485
3.29360
3.50697
2.12616
0.594334
1.76958
1.17609
3.19090
2.49803
3.08762
2.48300
3.44510
2.87337
3.64753
3.29434
2.74111
2.25262
3.33122
3.63014
1.26343
0.142483
-0.618577
0.212797
1.26181
1.56196
4.05882
4.92929
5.09100
3.11329
4.77971
5.15211
5.88730
6.58023
7.85454
7.43052
5.30114
4.08379
4.31329
4.33991
4.63356
3.59138
4.28718
3.78552
2.99265
2.87455
2.34434
3.48009
2.55549
1.58171
1.31054
-0.187786
-1.21990
-1.72755
-2.33026
0.365219
0.579195
-0.351367
-2.21100
-3.51639
-2.78443
-1.87166
-2.47864
-2.79715
-3.04164
-4.11664
-4.30580
-3.85823
-4.93167
-5.49265
-4.97779
-5.05776
-4.84866
-3.75835
-3.01998
-4.37603
-4.42150
-3.43959
-1.54877
-0.497677
0.593860
0.191067
0.255177
-0.502808
-0.619038
-1.46457
-0.00210476
0.134917
0.264527
0.892563
0.655886
-0.0241876
-0.819570
-1.24874
-0.0232201
0.936764
1.00481
1.42148
1.07754
1.70587
-0.227836
0.630498
0.484169
1.55254
1.48293
1.49635
1.18927
1.87924
1.78568
0.561770
0.916439
0.392990
-0.133534
1.26326
0.773611
1.16052
1.55437
3.23858
4.19748
3.87004
2.37778
2.15386
1.22917
2.92360
3.56803
2.59140
1.59495
1.96824
1.50210
2.41012
1.58217
0.819294
2.42560
2.60707
2.80174
1.82982
2.23193
3.38324
3.39426
4.01861
3.57600
2.46501
2.14120
2.97819
1.71671
3.01096
0.260284
-1.03792
-1.03003
-0.360311
2.53302
1.79064
2.79135
1.98784
1.56625
1.87172
1.21357
0.459652
-0.103904
0.861979
0.861352
0.778015
-0.516289
-2.46095
-1.40565
-1.42683
0.538330
1.13622
2.42703
2.61893
3.93522
5.18727
5.14654
4.04813
3.42010
2.77734
2.45142
3.65313
2.85143
3.28807
4.02103
2.90173
1.97520
2.23171
1.65123
1.20085
0.0229385
-0.582848
-0.405223
0.0433500
-0.422088
-1.36462
-0.449590
-0.375724
-1.66227
-1.29401
-1.01663
-1.02081
-0.760895
0.480566
-0.530196
0.0519743
-0.230716
-1.67233
-0.290134
-1.24780
-2.52988
-4.05307
-3.23030
-3.93294
-4.74495
-3.52709
-3.14472
-1.98675
-1.89282
-1.65672
-1.89218
-1.18133
-2.87230
-4.11594
-3.80393
-3.27459
-2.17750
-1.80054
-1.77653
-4.37381
-3.46443
-2.48655
-1.88160
-0.582849
0.176920
1.53119
1.60753
1.66797
1.94049
3.05338
3.15880
2.47510
0.936896
2.02271
2.70646
4.71781
4.04888
4.21076
3.49623
4.03756
5.22910
3.78595
3.56981
4.24210
3.82054
4.84444
3.70418
5.34592
3.48935
2.95150
3.73528
2.94681
4.00679
3.91984
3.73570
1.99498
1.56377
-0.0132902
-0.526010
-2.98371
-1.67440
-1.01387
-1.68280
-2.33450
-2.44283
-2.11701
-1.08291
0.384865
1.44894
4.00703
3.23241
3.93046
3.98888
6.09568
6.54614
6.29256
6.96076
7.01798
6.01315
5.67765
5.36899
8.33924
9.22740
9.97990
8.69984
10.3729
11.2369
12.0937
11.4877
12.4989
12.4564
12.1167
11.2396
11.7154
9.79598
10.0007
9.14346
9.44064
11.3303
11.8347
10.8685
9.89037
10.0768
10.6094
11.6037
12.6297
9.73192
9.62210
9.66130
8.65419
8.39975
7.50052
7.75948
7.26758
8.65438
8.97052
8.85515
9.84687
9.15864
7.93549
10.3133
10.1012
10.1244
9.67682
9.56121
9.80054
10.0714
9.10721
10.1580
9.42166
8.14711
9.33204
9.72648
9.49473
8.87613
7.88917
6.79129
8.34639
8.35586
8.05300
7.84881
7.19579
7.18252
6.36504
7.51791
8.16969
5.67937
4.83056
6.15778
7.26942
5.66703
4.76168
3.54749
2.01205
0.965143
0.146231
0.862404
1.58362
1.59277
0.273696
0.753482
0.289549
1.45460
1.62546
1.11045
2.63197
2.32668
2.26882
2.23190
2.35521
1.41047
0.0104294
0.375003
2.70415
1.66107
1.71645
2.48471
3.59484
3.60914
3.83515
2.54253
2.53110
3.75765
2.62454
2.16835
2.27856
2.39385
2.67654
2.91435
2.82735
3.53099
2.20957
2.77301
2.49396
1.36710
1.24916
0.103000
-0.208894
-1.29962
-1.35823
-0.416234
-0.317956
-0.312783
0.635732
0.503908
-0.112698
1.14357
0.481537
-0.459638
-0.135240
0.525681
-1.62544
-3.26436
-2.47982
-2.70645
-1.80875
-3.62825
-4.05349
-4.39685
-5.20939
-5.45314
-4.01380
-2.48850
-3.14200
-4.41998
-5.84490
-4.60548
-4.73610
-3.71431
-3.44039
-3.06893
-1.82825
-0.153420
0.180006
-1.47541
-1.52961
-1.05942
-0.621112
0.615493
0.486342
2.11079
0.933286
0.405121
0.463220
1.19623
-0.745938
-1.12337
-1.49981
-1.73727
-1.78388
-2.90075
-2.17995
0.168720
-0.476817
-1.59928
-1.09922
-1.04501
-0.825709
-0.916801
-2.23309
-2.44449
-1.10517
-3.13782
-3.15306
-4.60126
-4.88977
-5.50942
-4.23595
-1.88298
-1.04261
1.21073
2.16242
3.12960
3.02832
3.99949
4.49692
4.40577
3.81652
4.10923
5.49564
4.99958
3.11392
2.83934
3.33437
2.39825
1.75076
2.63447
3.76622
2.52086
2.49609
2.55038
2.01464
2.02834
2.91222
3.02927
1.41001
-1.12691
-2.51726
-2.11424
-4.15232
-3.43036
-3.08648
-3.01312
-1.30049
-0.942569
-0.958691
-1.28159
-1.77662
-0.914016
-2.58845
-1.54132
-1.21580
-0.583024
-2.45084
-4.19645
-4.76943
-5.28468
-4.97907
-4.54230
-4.12010
-1.93248
-1.35894
-1.25995
-0.837218
-1.68175
-0.116230
-1.66948
-1.37191
-0.463115
-0.0628865
-2.26956
-2.78580
-3.28105
-4.05769
-2.09456
-2.40688
-2.67472
-3.83188
-1.60942
-1.49019
-1.71399
-2.23968
-4.20888
-2.87790
-1.50133
-3.09826
-2.88005
-2.43507
-2.09278
-2.83930
-1.98269
-2.06651
-2.44222
-2.22537
-3.13825
-2.86305
-3.06211
-1.67421
-2.12289
-1.67946
-2.74420
-3.49851
-1.61385
-1.26252
-4.01250
-4.40932
-4.09066
-4.13294
-4.68357
-4.34120
-4.60872
-5.48450
-6.80100
-5.32955
-4.91687
-4.15848
-4.21854
-3.85417
-3.73722
-3.03373
-4.32883
-3.84116
-3.89035
-4.56240
-4.50391
-3.91094
-3.64785
-4.17114
-3.79708
-3.90434
-4.01849
-3.85572
-2.71519
-2.54269
-1.82240
-0.932108
0.0166031
-0.635601
0.304709
1.23746
3.58964
4.19983
3.49973
2.97065
4.39480
4.52141
5.81676
7.65605
6.92633
7.75246
6.25608
5.75597
3.99964
3.10415
2.66757
5.44772
6.96510
7.61813
6.92793
5.37618
4.18112
3.99407
3.67641
4.58361
5.17379
4.60105
5.25362
5.37777
3.24042
3.65138
3.12576
4.18500
4.98537
3.65078
4.30274
3.34252
4.14311
2.96278
3.16072
1.30010
-0.300243
-0.691703
0.0962041
1.35610
4.57249
3.43013
4.36933
5.91807
6.04210
4.91437
4.83272
4.49803
3.99362
3.32201
3.51021
4.49681
3.47461
3.19644
1.12515
1.07851
1.35961
0.0192261
0.0158053
1.22925
0.768293
2.22554
1.94101
0.296399
-1.14754
-0.307045
0.194357
0.0912265
0.717965
1.96604
0.666985
2.45006
4.51167
4.78712
4.34420
3.80949
5.07411
3.70731
2.11135
2.44284
1.71946
0.741252
0.844692
2.34961
2.25681
1.91346
1.53593
0.479034
0.234309
0.145296
-0.812200
-2.37926
-1.43989
-1.71231
-0.783737
-1.74670
-4.14140
-4.73290
-3.32865
-2.61910
-1.31758
-2.88577
-2.31599
-1.32120
-3.39379
-2.98649
-3.80143
-3.88658
-0.0207219
0.453812
-0.0361759
0.668701
1.28056
2.04565
0.269565
0.490240
0.253878
1.70289
0.169967
-0.833027
-1.17959
-0.0987161
1.12230
0.955867
2.83805
3.23251
3.22643
2.34925
3.53372
4.83299
4.89311
5.03685
4.98621
5.56480
5.95463
4.38151
2.99131
1.14856
2.33448
1.57478
1.70561
1.05955
0.937870
0.717100
-0.901306
0.338853
1.19887
0.196945
1.34758
1.79397
2.27675
1.79041
1.71187
0.671923
-0.559441
-0.483524
-0.695840
0.302220
0.825927
2.38288
1.49348
0.995956
0.706808
-0.0573164
-1.30080
-2.50475
-2.33521
-0.450492
-2.44340
-1.66743
-1.14252
0.0631205
0.290100
0.709389
1.23136
1.67539
1.48406
2.00695
2.37498
0.448330
0.244392
0.376372
-0.747055
-0.466154
1.36916
1.59750
1.25841
1.17011
1.01014
0.144805
0.583099
0.341563
2.21185
2.13977
1.33342
3.03268
4.00504
3.81346
5.34311
4.61123
6.42714
4.53035
5.63769
5.58927
7.23632
8.40761
7.83209
5.96258
6.28670
4.96726
4.75403
5.54883
6.01739
4.83246
