-0.820358
-1.00552
-0.976018
-1.15504
-1.30518
-1.56067
-1.76134
-2.04874
-2.03156
-1.95327
-2.01204
-2.13167
-1.94750
-1.86783
-1.73491
-1.65727
-1.64527
-1.87197
-2.00651
-2.00554
-2.27598
-2.25068
-2.09730
-1.87074
-1.46525
-1.12272
-0.980702
-0.991199
-0.813877
-0.505595
-0.111161
0.438181
1.16923
1.75181
2.15860
2.13281
1.85316
1.61915
1.42257
1.42159
1.22923
1.22661
1.59197
1.74566
1.55306
1.44988
1.39432
1.35212
1.29321
1.30464
1.47964
1.56616
1.67307
1.70174
1.66138
1.67385
1.67084
1.87522
1.89310
1.77155
1.75512
1.79292
2.00384
2.14721
2.44675
2.59185
2.44050
2.33129
2.04602
1.75780
1.72474
1.63276
1.52561
1.45458
1.45928
1.31184
1.35480
1.03623
0.703381
0.764902
0.823917
0.864491
0.820606
0.840025
0.715634
0.674978
0.435381
0.0666514
-0.264016
-0.516035
-0.688903
-0.730202
-0.997493
-0.987723
-1.00865
-1.09139
-1.11207
-1.06981
-0.823308
-0.874989
-0.799524
-0.801900
-1.06238
-1.10170
-0.985954
-0.937177
-0.927805
-0.795554
-0.688212
-0.565746
-0.547483
-0.672844
-0.741051
-0.928806
-0.973416
-0.990464
-0.974224
-0.873745
-0.789876
-0.613117
-0.409629
-0.335905
-0.0193105
0.0887589
0.332793
0.431433
0.446254
0.203977
0.0174110
-0.261134
-0.241653
-0.327709
-0.322799
-0.512630
-0.358262
-0.329726
-0.191871
-0.394714
-0.388225
-0.302426
-0.418669
-0.505750
-0.586410
-0.638253
-0.553724
-0.880817
-1.10512
-1.02519
-0.604717
-0.274670
0.165901
0.363604
0.409701
0.509480
0.654824
0.644711
0.550681
0.428342
0.568273
0.602318
0.650164
0.706299
0.592674
0.481290
0.461655
0.436136
0.0742842
-0.0904603
0.0986226
0.0339965
0.157162
0.285902
0.273791
0.150894
-0.330552
-0.872791
-1.23583
-1.34122
-1.53909
-1.62451
-1.57086
-1.53627
-1.38137
-1.39290
-1.45100
-1.42223
-1.08223
-0.837290
-0.642813
-0.453444
-0.478100
-0.610811
-0.972263
-1.18902
-1.30584
-1.46502
-1.54243
-1.81403
-1.73791
-1.37646
-1.27983
-1.29183
-1.26555
-1.17070
-1.17805
-1.00333
-0.689960
-0.492982
-0.398809
-0.660767
-0.735277
-0.854084
-0.785339
-0.457011
-0.239946
-0.346893
-0.456616
-0.365357
-0.327157
-0.492478
-0.534064
-0.728904
-0.933686
-1.36650
-1.37682
-1.40187
-1.46219
-1.37377
-1.29334
-1.22076
-1.32171
-1.34022
-1.50871
-1.48209
-1.50013
-1.45183
-1.68808
-1.71117
-1.52544
-1.25386
-1.18193
-0.939252
-0.862532
-0.548880
-0.387020
-0.465971
-0.609817
-0.774488
-0.763411
-0.626085
-0.526792
-0.315447
-0.260786
-0.0408217
0.123929
-0.133450
-0.318841
-0.556173
-0.805345
-0.671564
-0.710611
-0.612832
-0.453619
-0.0780372
0.204039
0.359212
0.238168
0.393689
0.693604
0.834675
0.781869
0.880335
0.938501
0.921200
0.874852
0.930687
1.02477
0.959320
1.15630
1.18750
1.00692
0.950171
0.785608
0.668611
0.580954
0.659539
0.731422
0.586254
0.478112
0.218613
0.0547756
0.321266
0.582169
0.795871
1.26511
1.24063
1.25170
1.10274
0.917119
0.891942
1.09769
1.30832
1.64650
1.82134
1.71697
1.59939
1.59597
1.53087
1.39771
1.17764
1.27272
1.53967
1.97467
2.43153
2.81498
3.09210
3.20219
3.19070
3.36849
3.36611
3.15281
2.85325
2.47061
2.35019
2.35199
2.05777
1.79701
1.78552
1.61272
1.59361
1.63702
1.68644
1.77542
1.82579
1.73238
1.65620
1.65113
1.70671
1.48088
1.23936
1.25545
1.06609
1.33886
1.22877
1.50438
1.49423
1.44976
1.34453
1.35077
1.10732
1.02155
0.963868
0.975493
0.857709
0.591896
0.598805
0.350175
0.157239
-0.101706
-0.333042
-0.717485
-1.00424
-0.808478
-0.792710
-0.790028
-0.596981
-0.553338
-0.473104
-0.366757
-0.103344
0.0201457
0.121157
0.467729
0.536227
0.685690
0.773737
0.867425
0.934446
1.19850
1.43405
1.30007
1.12745
1.00579
0.845413
0.901489
1.06090
1.10652
1.27318
1.07598
1.04670
1.36390
1.50912
1.78267
1.87092
2.01911
1.97682
2.01412
2.00341
1.95799
2.00927
1.86518
1.72598
1.46249
1.49996
1.25374
0.927970
0.696216
0.505149
0.262652
0.259099
0.437551
0.420735
0.323077
0.277849
0.501674
0.695943
1.01038
1.03106
1.04445
0.805716
0.468356
0.189397
0.0665830
0.142546
-0.0195927
-0.0838361
-0.242737
-0.198329
-0.190523
-0.320285
-0.451670
-0.381850
-0.165825
-0.0407973
0.326079
0.557075
0.367693
0.461831
0.465913
0.294452
-0.0733519
-0.539518
-0.844692
-0.959229
-1.10059
-1.20993
-1.37943
-1.51712
-1.62333
-1.60640
-1.56150
-1.60166
-1.37631
-1.31979
-1.45677
-1.58871
-1.55510
-1.44743
-1.48998
-1.09172
-0.842442
-0.967718
-1.07262
-1.37727
-1.65592
-1.71220
-1.53874
-1.68043
-1.73028
-1.74153
-1.96427
-2.17482
-2.31526
-2.25983
-2.01025
-1.75387
-1.50169
-1.54784
-1.34053
-1.03071
-0.745570
-0.457477
-0.306365
-0.0902215
-0.168173
-0.285314
-0.373600
-0.631675
-0.901305
-1.04227
-0.901596
-0.835937
-0.877884
-0.899407
-0.777490
-0.669645
-0.745837
-0.973805
-1.11993
-1.27152
-1.03912
-1.04934
-1.07726
-1.02245
-0.914064
-0.567818
-0.158979
0.227982
0.406412
0.716723
0.762671
0.787508
0.757024
0.819208
0.917607
1.18079
1.22535
1.18416
1.00893
0.851035
0.641412
0.318061
0.0279371
-0.209606
-0.222414
-0.156500
0.0286993
0.194048
-0.00362793
-0.0652112
0.0371499
0.182895
0.499220
0.506140
0.475281
0.612045
0.861327
1.13065
1.10290
1.03809
1.04504
1.03971
1.18503
1.19463
1.14863
1.09495
0.991745
1.05589
1.43866
1.83344
1.85052
1.93315
1.97513
1.68598
1.17783
0.892912
0.704228
0.894357
1.11863
1.11352
1.32911
1.46391
1.56905
1.66622
1.65574
1.49866
1.40321
1.27284
1.16288
1.18690
1.22906
1.27684
1.33022
1.30575
1.17452
1.13912
0.881065
0.859687
1.00046
1.08572
1.22485
1.31337
1.48299
1.52452
1.50967
1.53058
1.60117
1.43621
1.36018
1.18751
0.992383
0.728525
0.253507
-0.125272
-0.301585
-0.428302
-0.420540
-0.373653
-0.176219
-0.0121806
0.220745
0.393444
0.379289
0.169954
0.145912
0.0288079
-0.125744
-0.220095
0.0292636
0.217902
0.189699
0.0687321
0.0900494
-0.152844
-0.302257
-0.369464
-0.279347
-0.289367
-0.0257613
0.106836
0.0558628
0.135877
0.0552673
-0.383878
-0.768944
-1.05057
-1.19839
-1.27453
-1.25326
-1.38607
-1.44820
-1.14456
-0.859822
-0.475890
-0.0640557
0.348296
0.553428
0.702836
0.640197
0.499392
0.106933
-0.215940
-0.374518
-0.606534
-0.596653
-0.690194
-0.824371
-0.649721
-0.655102
-0.607826
-0.607979
-0.562941
-0.453702
-0.510006
-0.488061
-0.400011
-0.121066
-0.0329607
-0.103534
-0.403459
-0.610415
-0.554066
-0.610228
-0.581648
-0.642207
-0.700331
-0.617817
-0.650842
-0.920179
-1.15042
-1.33354
-1.53322
-1.72072
-1.73277
-1.39722
-1.16702
-0.876223
-0.680668
-0.871681
-0.807664
-0.805168
-0.831955
-0.631605
-0.352682
-0.136410
-0.199980
-0.0579140
-0.0940833
0.0135882
0.216669
0.287523
0.414949
0.284318
0.184715
0.0667957
-0.141529
-0.373374
-0.646115
-0.856664
-1.08880
-1.05476
-1.06895
-0.903065
-0.839852
-0.825824
-0.763082
-0.738924
-0.849086
-0.951440
-1.05541
-1.23195
-1.21038
-1.07998
-0.927756
-0.767923
-0.724968
-0.729807
-0.737216
-0.703629
-0.722117
-0.757428
-0.630205
-0.430978
-0.396572
-0.467079
-0.509370
-0.571386
-0.775910
-0.822986
-0.979753
-1.33924
-1.37514
-1.13675
-0.939335
-0.823341
-0.508605
-0.212454
-0.158156
-0.0263961
-0.0531835
-0.0529238
-0.182273
-0.209995
-0.350433
-0.474574
-0.596688
-0.922280
-1.27159
-1.26616
-1.19623
-1.15298
-0.919464
-0.812299
-0.894285
-1.23288
-1.50030
-1.54375
-1.36085
-1.38770
-1.36366
-1.18750
-0.990076
-0.998946
-0.663918
-0.462179
-0.363854
-0.262790
-0.121275
0.0978521
-0.0109667
-0.396184
-0.440152
-0.336187
-0.123633
0.0461156
0.277031
0.390511
0.204912
0.0464140
0.0118125
0.0967656
0.00231476
-0.0968525
0.0413862
0.108915
0.151977
0.223448
0.417688
0.378682
0.560514
0.622562
0.398109
0.385101
0.166865
-0.00187360
-0.131322
-0.370528
-0.229683
-0.0201402
-0.0606049
-0.193479
-0.222027
-0.100504
-0.152114
-0.426600
-0.579727
-0.754709
-0.524248
-0.164659
-0.0690436
0.233590
0.141448
0.0649549
0.0920601
0.0760994
0.154628
0.0922573
0.0790404
0.0985855
0.270865
0.153807
0.0116032
0.0876018
0.477840
0.703277
0.610070
0.727451
0.867825
1.20417
1.58729
1.51842
1.30037
1.15083
0.814646
0.317030
0.0270690
-0.311881
-0.718038
-1.17379
-1.70498
-1.91055
-2.05634
-2.16332
-2.13520
-2.04878
-2.05345
-2.13507
-2.08552
-2.09240
-2.01532
-2.08110
-2.19950
-2.18946
-2.06049
-1.91345
-1.75098
-1.75687
-1.62856
-1.63201
-1.61477
-1.32067
-1.20999
-1.01432
-0.711573
-0.520993
-0.684481
-1.05701
-1.38025
-1.50241
-1.47727
-1.31814
-1.09953
-0.724402
-0.383060
-0.221396
0.146060
0.270564
0.270206
0.148349
0.266277
0.352510
0.215756
0.280469
0.258742
0.00962290
-0.100771
-0.192890
-0.0795049
0.183614
0.363017
0.620386
0.595327
0.533268
0.440042
0.295945
0.0862485
-0.00954965
0.0388269
0.126499
0.202484
0.385248
0.265718
0.150110
0.151372
0.429534
0.851847
1.31904
1.66702
1.85227
1.85128
1.67864
1.81389
1.58030
1.31154
1.23470
1.13442
1.30159
1.30483
0.939108
0.556683
0.197733
0.0971081
0.0347408
-0.0185380
-0.110018
-0.0122353
-0.0749236
-0.186039
-0.350315
-0.543996
-0.581552
-0.714162
-1.12246
-1.05257
-0.922578
-0.888990
-0.867064
-0.792832
-0.902395
-0.885417
-0.977888
-0.922767
-1.18329
-1.61375
-1.80759
-1.99063
-2.08068
-2.16214
-2.29679
-2.43680
-2.53418
-2.70957
-2.57781
-2.59042
-2.69069
-2.66531
-2.51771
-2.51175
-2.45956
-2.52287
-2.68417
-2.90625
-3.09980
-3.08646
-2.82107
-2.59205
-2.58511
-2.43273
-2.41046
-2.31175
-2.31411
-2.22145
-2.09762
-2.05127
-1.89362
-1.93280
-2.00410
-1.95810
-1.88049
-1.79896
-1.56688
-1.28413
-1.03744
-1.08617
-1.17675
-1.15225
-1.03033
-0.883717
-0.826216
-0.761201
-0.584970
-0.696392
-0.759638
-0.559288
-0.409949
-0.156260
0.0637820
0.205558
0.655219
1.06789
1.40971
1.65149
1.69647
1.69366
1.66622
1.58795
1.38703
1.43668
1.46654
1.54281
1.54708
1.41863
1.36733
1.21109
0.960379
0.792547
0.418260
0.120295
0.0454234
-0.315623
-0.392020
-0.373356
-0.238183
0.0606116
