# average=8.856261e-02
# standard deviation=7.958705e+00
0 1.000000e+00
1 9.793264e-01
2 9.191667e-01
3 8.243626e-01
4 7.005742e-01
5 5.534777e-01
6 3.888389e-01
7 2.126737e-01
8 3.123798e-02
9 -1.491553e-01
10 -3.222757e-01
11 -4.820052e-01
12 -6.224774e-01
13 -7.383540e-01
14 -8.251916e-01
15 -8.798135e-01
16 -9.004910e-01
17 -8.869150e-01
18 -8.401237e-01
19 -7.624208e-01
20 -6.572299e-01
21 -5.288769e-01
22 -3.824279e-01
23 -2.234983e-01
24 -5.811521e-02
25 1.074911e-01
26 2.670995e-01
27 4.147336e-01
28 5.449421e-01
29 6.530414e-01
30 7.352990e-01
31 7.890503e-01
32 8.127671e-01
33 8.060449e-01
34 7.695102e-01
35 7.048032e-01
36 6.145400e-01
37 5.022719e-01
38 3.723891e-01
39 2.299560e-01
40 8.045958e-02
41 -7.041461e-02
42 -2.169713e-01
43 -3.537654e-01
44 -4.758118e-01
45 -5.787654e-01
46 -6.590131e-01
47 -7.138068e-01
48 -7.413664e-01
49 -7.409384e-01
50 -7.128197e-01
51 -6.582967e-01
52 -5.796218e-01
53 -4.799537e-01
54 -3.632481e-01
55 -2.341048e-01
56 -9.752780e-02
57 4.131895e-02
58 1.772643e-01
59 3.052637e-01
60 4.205440e-01
61 5.188443e-01
62 5.966258e-01
63 6.511300e-01
64 6.804767e-01
65 6.837706e-01
66 6.611990e-01
67 6.139994e-01
68 5.443148e-01
69 4.549732e-01
70 3.493903e-01
71 2.315574e-01
72 1.059980e-01
73 -2.242724e-02
74 -1.487207e-01
75 -2.680121e-01
76 -3.757546e-01
77 -4.679600e-01
78 -5.413226e-01
79 -5.933175e-01
80 -6.223122e-01
81 -6.276267e-01
82 -6.094658e-01
83 -5.688556e-01
84 -5.075619e-01
85 -4.280717e-01
86 -3.335197e-01
87 -2.275551e-01
88 -1.142142e-01
89 2.251461e-03
90 1.174739e-01
91 2.270498e-01
92 3.267264e-01
93 4.126780e-01
94 4.817786e-01
95 5.317117e-01
96 5.609751e-01
97 5.688325e-01
98 5.552946e-01
99 5.211028e-01
100 4.677308e-01
101 3.973347e-01
102 3.126800e-01
103 2.170432e-01
104 1.140985e-01
105 7.822934e-03
106 -9.762677e-02
107 -1.981567e-01
108 -2.899534e-01
109 -3.697182e-01
110 -4.347067e-01
111 -4.827107e-01
112 -5.120691e-01
113 -5.217324e-01
114 -5.113962e-01
115 -4.815684e-01
116 -4.335242e-01
117 -3.692816e-01
118 -2.915608e-01
119 -2.036042e-01
120 -1.089751e-01
121 -1.137945e-02
122 8.548789e-02
123 1.780205e-01
124 2.627412e-01
125 3.364331e-01
126 3.963286e-01
127 4.402429e-01
128 4.666319e-01
129 4.745953e-01
130 4.638624e-01
131 4.349201e-01
132 3.891418e-01
133 3.287411e-01
134 2.565219e-01
135 1.756157e-01
136 8.932094e-02
137 9.989023e-04
138 -8.596315e-02
139 -1.683101e-01
140 -2.430497e-01
141 -3.074884e-01
142 -3.592847e-01
143 -3.965154e-01
144 -4.177391e-01
145 -4.221193e-01
146 -4.095711e-01
147 -3.808140e-01
148 -3.372740e-01
149 -2.809315e-01
150 -2.141506e-01
151 -1.396113e-01
152 -6.026857e-02
153 2.070335e-02
154 1.000792e-01
155 1.747243e-01
156 2.417433e-01
157 2.985377e-01
158 3.428903e-01
159 3.731310e-01
160 3.882621e-01
161 3.879230e-01
162 3.723269e-01
163 3.422555e-01
164 2.989823e-01
165 2.442437e-01
166 1.802226e-01
167 1.095102e-01
168 3.498911e-02
169 -4.037772e-02
170 -1.136833e-01
171 -1.820835e-01
172 -2.428641e-01
173 -2.935541e-01
174 -3.320845e-01
175 -3.569510e-01
176 -3.672681e-01
177 -3.627701e-01
178 -3.437872e-01
179 -3.112623e-01
180 -2.667223e-01
181 -2.121643e-01
182 -1.498790e-01
183 -8.234052e-02
184 -1.217165e-02
185 5.792245e-02
186 1.252205e-01
187 1.870937e-01
188 2.410944e-01
189 2.850796e-01
190 3.173389e-01
191 3.366466e-01
192 3.423369e-01
193 3.343555e-01
194 3.132152e-01
195 2.799253e-01
196 2.358925e-01
197 1.828799e-01
198 1.229933e-01
199 5.865052e-02
200 -7.548547e-03
201 -7.294053e-02
202 -1.349419e-01
203 -1.911100e-01
204 -2.391845e-01
205 -2.772426e-01
206 -3.038917e-01
207 -3.182588e-01
208 -3.199324e-01
209 -3.089532e-01
210 -2.857949e-01
211 -2.514462e-01
212 -2.074387e-01
213 -1.557225e-01
214 -9.846356e-02
215 -3.790507e-02
216 2.366099e-02
217 8.385400e-02
218 1.403128e-01
219 1.908265e-01
220 2.334677e-01
221 2.666141e-01
222 2.889652e-01
223 2.996722e-01
224 2.984090e-01
225 2.854333e-01
226 2.615141e-01
227 2.277649e-01
228 1.855359e-01
229 1.364189e-01
230 8.226232e-02
231 2.514739e-02
232 -3.269846e-02
233 -8.900459e-02
234 -1.415725e-01
235 -1.883614e-01
236 -2.275593e-01
237 -2.576806e-01
238 -2.776316e-01
239 -2.867683e-01
240 -2.849224e-01
241 -2.723592e-01
242 -2.496800e-01
243 -2.178415e-01
244 -1.780678e-01
245 -1.317895e-01
246 -8.066896e-02
247 -2.664311e-02
248 2.816486e-02
249 8.156545e-02
250 1.314649e-01
251 1.759615e-01
252 2.134035e-01
253 2.424496e-01
254 2.621596e-01
255 2.719640e-01
256 2.715938e-01
257 2.610315e-01
258 2.406268e-01
259 2.111570e-01
260 1.738297e-01
261 1.301802e-01
262 8.192482e-02
263 3.091292e-02
264 -2.091664e-02
265 -7.157387e-02
266 -1.191072e-01
267 -1.617310e-01
268 -1.979227e-01
269 -2.263900e-01
270 -2.460630e-01
271 -2.562310e-01
272 -2.566596e-01
273 -2.475226e-01
274 -2.292695e-01
275 -2.026031e-01
276 -1.685279e-01
277 -1.283509e-01
278 -8.363255e-02
279 -3.611101e-02
280 1.244149e-02
281 6.026827e-02
282 1.056992e-01
283 1.471379e-01
284 1.830948e-01
285 2.122919e-01
286 2.337436e-01
287 2.467246e-01
288 2.507529e-01
289 2.456333e-01
290 2.315322e-01
291 2.090260e-01
292 1.790219e-01
293 1.426865e-01
294 1.013601e-01
295 5.650591e-02
296 9.696968e-03
297 -3.738508e-02
298 -8.301425e-02
299 -1.254910e-01
300 -1.632153e-01
301 -1.947535e-01
302 -2.189174e-01
303 -2.348333e-01
304 -2.420028e-01
305 -2.403324e-01
306 -2.300970e-01
307 -2.118333e-01
308 -1.862709e-01
309 -1.542783e-01
310 -1.169375e-01
311 -7.561390e-02
312 -3.191121e-02
313 1.251485e-02
314 5.607074e-02
315 9.728298e-02
316 1.347694e-01
317 1.672252e-01
318 1.935007e-01
319 2.126384e-01
320 2.239734e-01
321 2.271160e-01
322 2.219124e-01
323 2.084474e-01
324 1.872045e-01
325 1.590959e-01
326 1.253577e-01
327 8.738871e-02
328 4.668299e-02
329 4.820965e-03
330 -3.656791e-02
331 -7.592489e-02
332 -1.118356e-01
333 -1.431312e-01
334 -1.689077e-01
335 -1.884257e-01
336 -2.010875e-01
337 -2.064610e-01
338 -2.043372e-01
339 -1.947449e-01
340 -1.780058e-01
341 -1.547526e-01
342 -1.258865e-01
343 -9.252095e-02
344 -5.595258e-02
345 -1.764161e-02
346 2.086640e-02
347 5.804855e-02
348 9.250459e-02
349 1.229822e-01
350 1.484417e-01
351 1.681038e-01
352 1.814275e-01
353 1.880415e-01
354 1.877521e-01
355 1.806167e-01
356 1.669675e-01
357 1.473428e-01
358 1.224104e-01
359 9.302803e-02
360 6.021403e-02
361 2.518551e-02
362 -1.065863e-02
363 -4.584121e-02
364 -7.898586e-02
365 -1.089066e-01
366 -1.346552e-01
367 -1.554785e-01
368 -1.707283e-01
369 -1.798242e-01
370 -1.823625e-01
371 -1.782101e-01
372 -1.675405e-01
373 -1.507793e-01
374 -1.285541e-01
375 -1.016952e-01
376 -7.124997e-02
377 -3.841824e-02
378 -4.427793e-03
379 2.953161e-02
380 6.231989e-02
381 9.281799e-02
382 1.199600e-01
383 1.428052e-01
384 1.605947e-01
385 1.727668e-01
386 1.789363e-01
387 1.789014e-01
388 1.726564e-01
389 1.603818e-01
390 1.424347e-01
391 1.193017e-01
392 9.171179e-02
393 6.068304e-02
394 2.746727e-02
395 -6.558253e-03
396 -4.003927e-02
397 -7.172761e-02
398 -1.006017e-01
399 -1.258356e-01
400 -1.466910e-01
401 -1.625270e-01
402 -1.728738e-01
403 -1.774435e-01
404 -1.761383e-01
405 -1.690172e-01
406 -1.562475e-01
407 -1.381309e-01
408 -1.152043e-01
409 -8.820981e-02
410 -5.802249e-02
411 -2.562420e-02
412 7.896757e-03
413 4.138485e-02
414 7.362486e-02
415 1.033666e-01
416 1.294310e-01
417 1.507797e-01
418 1.666137e-01
419 1.764270e-01
420 1.799506e-01
421 1.771086e-01
422 1.680130e-01
423 1.530302e-01
424 1.327084e-01
425 1.077242e-01
426 7.882659e-02
427 4.692189e-02
428 1.310230e-02
429 -2.145050e-02
430 -5.552962e-02
431 -8.794354e-02
432 -1.175443e-01
433 -1.432571e-01
434 -1.640856e-01
435 -1.791546e-01
436 -1.878287e-01
437 -1.897476e-01
438 -1.848156e-01
439 -1.731587e-01
440 -1.551625e-01
441 -1.315139e-01
442 -1.031914e-01
443 -7.129075e-02
444 -3.694407e-02
445 -1.298237e-03
446 3.447652e-02
447 6.918291e-02
448 1.015860e-01
449 1.304593e-01
450 1.546784e-01
451 1.733125e-01
452 1.856335e-01
453 1.911387e-01
454 1.895973e-01
455 1.810701e-01
456 1.658973e-01
457 1.446923e-01
458 1.182574e-01
459 8.749480e-02
460 5.341227e-02
461 1.715846e-02
462 -1.996285e-02
463 -5.654413e-02
464 -9.122587e-02
465 -1.227474e-01
466 -1.499216e-01
467 -1.716736e-01
468 -1.870951e-01
469 -1.955364e-01
470 -1.966534e-01
471 -1.904162e-01
472 -1.770509e-01
473 -1.570082e-01
474 -1.309973e-01
475 -1.000145e-01
476 -6.531873e-02
477 -2.832276e-02
478 9.523675e-03
479 4.681254e-02
480 8.219379e-02
481 1.144346e-01
482 1.424227e-01
483 1.651542e-01
484 1.817662e-01
485 1.915802e-01
486 1.941780e-01
487 1.894613e-01
488 1.776247e-01
489 1.591101e-01
490 1.346320e-01
491 1.051855e-01
492 7.201847e-02
493 3.643615e-02
494 -2.669354e-04
495 -3.678934e-02
496 -7.176806e-02
497 -1.038368e-01
498 -1.317486e-01
499 -1.544380e-01
500 -1.711110e-01
501 -1.812315e-01
502 -1.844926e-01
503 -1.808272e-01
504 -1.703871e-01
505 -1.535726e-01
506 -1.310644e-01
507 -1.037606e-01
508 -7.268496e-02
509 -3.892921e-02
510 -3.647559e-03
511 3.189290e-02
512 6.629584e-02
513 9.815176e-02
514 1.261295e-01
515 1.490814e-01
516 1.660258e-01
517 1.762332e-01
518 1.792877e-01
519 1.751228e-01
520 1.639876e-01
521 1.463589e-01
522 1.229019e-01
523 9.448449e-02
524 6.216150e-02
525 2.714671e-02
526 -9.178524e-03
527 -4.531049e-02
528 -7.971857e-02
529 -1.110240e-01
530 -1.380281e-01
531 -1.596491e-01
532 -1.749753e-01
533 -1.833379e-01
534 -1.843542e-01
535 -1.779723e-01
536 -1.644360e-01
537 -1.442898e-01
538 -1.183476e-01
539 -8.763175e-02
540 -5.332839e-02
541 -1.674046e-02
542 2.071066e-02
543 5.758317e-02
544 9.247097e-02
545 1.240590e-01
546 1.510725e-01
547 1.723689e-01
548 1.870268e-01
549 1.944079e-01
550 1.941389e-01
551 1.861352e-01
552 1.706573e-01
553 1.483591e-01
554 1.202515e-01
555 8.756231e-02
556 5.160173e-02
557 1.367655e-02
558 -2.483193e-02
559 -6.242960e-02
560 -9.760014e-02
561 -1.289649e-01
562 -1.553849e-01
563 -1.759740e-01
564 -1.900278e-01
565 -1.969951e-01
566 -1.965377e-01
567 -1.886309e-01
568 -1.735614e-01
569 -1.518753e-01
570 -1.243193e-01
571 -9.183961e-02
572 -5.559478e-02
573 -1.694393e-02
574 2.264224e-02
575 6.163443e-02
576 9.852143e-02
577 1.318571e-01
578 1.603019e-01
579 1.827190e-01
580 1.982520e-01
581 2.063306e-01
582 2.066313e-01
583 1.990948e-01
584 1.839813e-01
585 1.618389e-01
586 1.334780e-01
587 9.991291e-02
588 6.229667e-02
589 2.188478e-02
590 -1.989657e-02
591 -6.144958e-02
592 -1.010582e-01
593 -1.370355e-01
594 -1.678867e-01
595 -1.923230e-01
596 -2.092838e-01
597 -2.179767e-01
598 -2.179478e-01
599 -2.091683e-01
600 -1.920340e-01
601 -1.673310e-01
602 -1.361561e-01
603 -9.981226e-02
604 -5.971025e-02
605 -1.737143e-02
606 2.562087e-02
607 6.765307e-02
608 1.071614e-01
609 1.426803e-01
610 1.728288e-01
611 1.963220e-01
612 2.120536e-01
613 2.192645e-01
614 2.176068e-01
615 2.071616e-01
616 1.884086e-01
617 1.621771e-01
618 1.296105e-01
619 9.209425e-02
620 5.115249e-02
621 8.386285e-03
622 -3.457803e-02
623 -7.605906e-02
624 -1.143731e-01
625 -1.479947e-01
626 -1.757111e-01
627 -1.965796e-01
628 -2.098514e-01
629 -2.150328e-01
630 -2.119846e-01
631 -2.009583e-01
632 -1.824868e-01
633 -1.573349e-01
634 -1.264437e-01
635 -9.089626e-02
636 -5.194570e-02
637 -1.100111e-02
638 3.036065e-02
639 7.053876e-02
640 1.079793e-01
641 1.412192e-01
642 1.689648e-01
643 1.901790e-01
644 2.040950e-01
645 2.102159e-01
646 2.083173e-01
647 1.984298e-01
648 1.808956e-01
649 1.563881e-01
650 1.259019e-01
651 9.067802e-02
652 5.207412e-02
653 1.154647e-02
654 -2.942662e-02
655 -6.939801e-02
656 -1.069224e-01
657 -1.405566e-01
658 -1.689472e-01
659 -1.909639e-01
660 -2.057529e-01
661 -2.127472e-01
662 -2.116362e-01
663 -2.023809e-01
664 -1.852953e-01
665 -1.610153e-01
666 -1.304542e-01
667 -9.480659e-02
668 -5.550001e-02
669 -1.408422e-02
670 2.783947e-02
671 6.865743e-02
672 1.068071e-01
673 1.408369e-01
674 1.694721e-01
675 1.916492e-01
676 2.065655e-01
677 2.137366e-01
678 2.129731e-01
679 2.043429e-01
680 1.881491e-01
681 1.649272e-01
682 1.354656e-01
683 1.008503e-01
684 6.250828e-02
685 2.204265e-02
686 -1.894934e-02
687 -5.896738e-02
688 -9.660091e-02
689 -1.305134e-01
690 -1.594671e-01
691 -1.824169e-01
692 -1.985730e-01
693 -2.074279e-01
694 -2.087341e-01
695 -2.024212e-01
696 -1.886229e-01
697 -1.677979e-01
698 -1.407736e-01
699 -1.086338e-01
700 -7.262329e-02
701 -3.406492e-02
702 5.696482e-03
703 4.528964e-02
704 8.333309e-02
705 1.184584e-01
706 1.493936e-01
707 1.749975e-01
708 1.942835e-01
709 2.064347e-01
710 2.109082e-01
711 2.074868e-01
712 1.962864e-01
713 1.777567e-01
714 1.526418e-01
715 1.219357e-01
716 8.683695e-02
717 4.867080e-02
718 8.814255e-03
719 -3.133213e-02
720 -7.035136e-02
721 -1.068189e-01
722 -1.393876e-01
723 -1.668816e-01
724 -1.883928e-01
725 -2.032309e-01
726 -2.108387e-01
727 -2.108071e-01
728 -2.030303e-01
729 -1.877378e-01
730 -1.655108e-01
731 -1.372603e-01
732 -1.041529e-01
733 -6.750810e-02
734 -2.868813e-02
735 1.087507e-02
736 4.975178e-02
737 8.655567e-02
738 1.199648e-01
739 1.487680e-01
740 1.719292e-01
741 1.886762e-01
742 1.984820e-01
743 2.010055e-01
744 1.961413e-01
745 1.840657e-01
746 1.652814e-01
747 1.405366e-01
748 1.107717e-01
749 7.710871e-02
750 4.083244e-02
751 3.308471e-03
752 -3.411209e-02
753 -7.007602e-02
754 -1.032285e-01
755 -1.322674e-01
756 -1.560336e-01
757 -1.736468e-01
758 -1.845514e-01
759 -1.884821e-01
760 -1.854098e-01
761 -1.755246e-01
762 -1.591996e-01
763 -1.370109e-01
764 -1.097442e-01
765 -7.837437e-02
766 -4.403914e-02
767 -8.015907e-03
768 2.832738e-02
769 6.355050e-02
770 9.621020e-02
771 1.249479e-01
772 1.485750e-01
773 1.661806e-01
774 1.772098e-01
775 1.814146e-01
776 1.787927e-01
777 1.695402e-01
778 1.540119e-01
779 1.327163e-01
780 1.064150e-01
781 7.611773e-02
782 4.305991e-02
783 8.578267e-03
784 -2.600067e-02
785 -5.939999e-02
786 -9.033995e-02
787 -1.175219e-01
788 -1.397313e-01
789 -1.560435e-01
790 -1.660215e-01
791 -1.696597e-01
792 -1.671557e-01
793 -1.587921e-01
794 -1.449847e-01
795 -1.262863e-01
796 -1.033404e-01
797 -7.687038e-02
798 -4.774658e-02
799 -1.702302e-02
800 1.405064e-02
801 4.408116e-02
802 7.167310e-02
803 9.566942e-02
804 1.152738e-01
805 1.300012e-01
806 1.396041e-01
807 1.440143e-01
808 1.433124e-01
809 1.376596e-01
810 1.272606e-01
811 1.124686e-01
812 9.387745e-02
813 7.228130e-02
814 4.861576e-02
815 2.387933e-02
816 -9.774835e-04
817 -2.511254e-02
818 -4.772908e-02
819 -6.806949e-02
820 -8.542521e-02
821 -9.921354e-02
822 -1.089954e-01
823 -1.144629e-01
824 -1.154759e-01
825 -1.121025e-01
826 -1.045757e-01
827 -9.328456e-02
828 -7.876318e-02
829 -6.162658e-02
830 -4.253506e-02
831 -2.219902e-02
832 -1.387913e-03
833 1.913198e-02
834 3.864969e-02
835 5.648520e-02
836 7.194452e-02
837 8.441546e-02
838 9.348695e-02
839 9.891556e-02
840 1.005924e-01
841 9.850318e-02
842 9.274299e-02
843 8.352710e-02
844 7.121693e-02
845 5.628543e-02
846 3.929518e-02
847 2.090821e-02
848 1.864073e-03
849 -1.708953e-02
850 -3.526180e-02
851 -5.202995e-02
852 -6.677107e-02
853 -7.887104e-02
854 -8.779941e-02
855 -9.317276e-02
856 -9.477868e-02
857 -9.264123e-02
858 -8.699344e-02
859 -7.816122e-02
860 -6.654960e-02
861 -5.263678e-02
862 -3.701433e-02
863 -2.036751e-02
864 -3.410661e-03
865 1.320391e-02
866 2.885016e-02
867 4.296261e-02
868 5.508271e-02
869 6.485962e-02
870 7.204622e-02
871 7.651949e-02
872 7.823285e-02
873 7.716556e-02
874 7.334542e-02
875 6.689041e-02
876 5.805385e-02
877 4.723328e-02
878 3.491032e-02
879 2.162667e-02
880 7.903048e-03
881 -5.819489e-03
882 -1.915948e-02
883 -3.173063e-02
884 -4.313900e-02
885 -5.300712e-02
886 -6.101354e-02
887 -6.691553e-02
888 -7.052733e-02
889 -7.167451e-02
890 -7.017715e-02
891 -6.597116e-02
892 -5.919028e-02
893 -5.015194e-02
894 -3.932388e-02
895 -2.724607e-02
896 -1.445648e-02
897 -1.479424e-03
898 1.124583e-02
899 2.337318e-02
900 3.462461e-02
901 4.472529e-02
902 5.335648e-02
903 6.018737e-02
904 6.490495e-02
905 6.726819e-02
906 6.716322e-02
907 6.466738e-02
908 5.998582e-02
909 5.336890e-02
910 4.501461e-02
911 3.505012e-02
912 2.367150e-02
913 1.128813e-02
914 -1.566625e-03
915 -1.437019e-02
916 -2.662498e-02
917 -3.779243e-02
918 -4.730920e-02
919 -5.470703e-02
920 -5.972664e-02
921 -6.230335e-02
922 -6.248612e-02
923 -6.041333e-02
924 -5.630680e-02
925 -5.038947e-02
926 -4.284728e-02
927 -3.386016e-02
928 -2.362581e-02
929 -1.238310e-02
930 -5.352315e-04
931 1.134407e-02
932 2.254106e-02
933 3.234631e-02
934 4.023803e-02
935 4.595685e-02
936 4.946528e-02
937 5.083684e-02
938 5.015904e-02
939 4.747656e-02
940 4.278812e-02
941 3.619987e-02
942 2.805758e-02
943 1.892616e-02
944 9.383459e-03
945 -1.092507e-04
946 -9.184638e-03
947 -1.750741e-02
948 -2.478495e-02
949 -3.085122e-02
950 -3.565432e-02
951 -3.910480e-02
952 -4.101547e-02
953 -4.114185e-02
954 -3.932734e-02
955 -3.561627e-02
956 -3.024413e-02
957 -2.350414e-02
958 -1.571276e-02
959 -7.271130e-03
960 1.336111e-03
961 9.651182e-03
962 1.736616e-02
963 2.436857e-02
964 3.064652e-02
965 3.613635e-02
966 4.059013e-02
967 4.366217e-02
968 4.508576e-02
969 4.477110e-02
970 4.278462e-02
971 3.925332e-02
972 3.431721e-02
973 2.816715e-02
974 2.104912e-02
975 1.326333e-02
976 5.190436e-03
977 -2.749960e-03
978 -1.019056e-02
979 -1.694237e-02
980 -2.297632e-02
981 -2.823049e-02
982 -3.248775e-02
983 -3.546913e-02
984 -3.699296e-02
985 -3.704099e-02
986 -3.566982e-02
987 -3.295714e-02
988 -2.904072e-02
989 -2.415943e-02
990 -1.862835e-02
991 -1.274001e-02
992 -6.764865e-03
993 -9.865756e-04
994 4.304436e-03
995 8.892311e-03
996 1.265602e-02
997 1.555423e-02
998 1.763271e-02
999 1.898019e-02
1000 1.966902e-02
1001 1.974795e-02
1002 1.931791e-02
1003 1.846649e-02
1004 1.716260e-02
1005 1.531835e-02
1006 1.292451e-02
1007 1.010597e-02
1008 7.032755e-03
1009 3.812528e-03
1010 4.865437e-04
1011 -2.906603e-03
1012 -6.332457e-03
1013 -9.726042e-03
1014 -1.298521e-02
1015 -1.600315e-02
1016 -1.870853e-02
1017 -2.097215e-02
1018 -2.261133e-02
1019 -2.346761e-02
1020 -2.346630e-02
1021 -2.261872e-02
1022 -2.098773e-02
1023 -1.869060e-02
1024 -1.587769e-02
1025 -1.264981e-02
1026 -9.039507e-03
1027 -5.058025e-03
1028 -7.615958e-04
1029 3.787663e-03
1030 8.511477e-03
1031 1.325767e-02
1032 1.775683e-02
1033 2.166749e-02
1034 2.469689e-02
1035 2.666463e-02
1036 2.751840e-02
1037 2.733171e-02
1038 2.625793e-02
1039 2.452619e-02
1040 2.236562e-02
1041 1.986747e-02
1042 1.693652e-02
1043 1.342656e-02
1044 9.288017e-03
1045 4.592292e-03
1046 -4.378184e-04
1047 -5.458411e-03
1048 -1.007554e-02
1049 -1.395474e-02
1050 -1.690251e-02
1051 -1.884250e-02
1052 -1.975870e-02
1053 -1.970941e-02
1054 -1.880864e-02
1055 -1.714980e-02
1056 -1.474880e-02
1057 -1.164399e-02
1058 -8.010001e-03
1059 -4.127793e-03
1060 -2.728046e-04
1061 3.417167e-03
1062 6.920062e-03
1063 1.017949e-02
1064 1.308771e-02
1065 1.550554e-02
1066 1.731546e-02
1067 1.847035e-02
1068 1.895196e-02
1069 1.872449e-02
1070 1.771688e-02
1071 1.590037e-02
1072 1.331816e-02
1073 1.010191e-02
1074 6.463647e-03
1075 2.618348e-03
1076 -1.253391e-03
1077 -4.946996e-03
1078 -8.253548e-03
1079 -1.100827e-02
1080 -1.314763e-02
1081 -1.465640e-02
1082 -1.551022e-02
1083 -1.565783e-02
1084 -1.511147e-02
1085 -1.399317e-02
1086 -1.243371e-02
1087 -1.050118e-02
1088 -8.202441e-03
1089 -5.603509e-03
1090 -2.871497e-03
1091 -2.360315e-04
1092 2.124843e-03
1093 4.104114e-03
1094 5.645473e-03
1095 6.745733e-03
1096 7.405385e-03
1097 7.637653e-03
1098 7.507092e-03
1099 7.115807e-03
1100 6.539494e-03
1101 5.828229e-03
1102 4.962549e-03
1103 3.903372e-03
1104 2.617061e-03
1105 1.089958e-03
1106 -5.895609e-04
1107 -2.179133e-03
1108 -3.425031e-03
1109 -4.147560e-03
1110 -4.280048e-03
1111 -3.773351e-03
1112 -2.607619e-03
1113 -8.800911e-04
1114 1.134427e-03
1115 3.071682e-03
1116 4.676944e-03
1117 5.921487e-03
1118 6.903093e-03
1119 7.714543e-03
1120 8.364843e-03
1121 8.790401e-03
1122 8.895958e-03
1123 8.538191e-03
1124 7.533729e-03
1125 5.742068e-03
1126 3.176424e-03
1127 2.028502e-05
1128 -3.479168e-03
1129 -7.104856e-03
1130 -1.067633e-02
1131 -1.403482e-02
1132 -1.701381e-02
1133 -1.947203e-02
1134 -2.130316e-02
1135 -2.246537e-02
1136 -2.297788e-02
1137 -2.293173e-02
1138 -2.246698e-02
1139 -2.171137e-02
1140 -2.073502e-02
1141 -1.950874e-02
1142 -1.795156e-02
1143 -1.600104e-02
1144 -1.366299e-02
1145 -1.100773e-02
1146 -8.137526e-03
1147 -5.107315e-03
1148 -1.908980e-03
1149 1.493439e-03
1150 5.073545e-03
1151 8.681402e-03
1152 1.207430e-02
1153 1.496623e-02
1154 1.709621e-02
1155 1.830037e-02
1156 1.860217e-02
1157 1.819487e-02
1158 1.733075e-02
1159 1.624552e-02
1160 1.512756e-02
1161 1.409710e-02
1162 1.319243e-02
1163 1.236565e-02
1164 1.150451e-02
1165 1.052460e-02
1166 9.439271e-03
1167 8.392233e-03
1168 7.555425e-03
1169 7.024775e-03
1170 6.783988e-03
1171 6.700246e-03
1172 6.552518e-03
1173 6.119314e-03
1174 5.246622e-03
1175 3.843978e-03
1176 1.843549e-03
1177 -7.887545e-04
1178 -4.039572e-03
1179 -7.761004e-03
1180 -1.170488e-02
1181 -1.559653e-02
1182 -1.920845e-02
1183 -2.232831e-02
1184 -2.472733e-02
1185 -2.618478e-02
1186 -2.651374e-02
1187 -2.555821e-02
1188 -2.322349e-02
1189 -1.948200e-02
1190 -1.443391e-02
1191 -8.273649e-03
1192 -1.259101e-03
1193 6.276326e-03
1194 1.398124e-02
1195 2.151747e-02
1196 2.852073e-02
1197 3.466100e-02
1198 3.966471e-02
1199 4.332042e-02
1200 4.544969e-02
1201 4.592830e-02
1202 4.464762e-02
1203 4.156292e-02
1204 3.672466e-02
1205 3.028300e-02
1206 2.242522e-02
1207 1.337755e-02
1208 3.387218e-03
1209 -7.196471e-03
1210 -1.790244e-02
1211 -2.820313e-02
1212 -3.756276e-02
1213 -4.544062e-02
1214 -5.134934e-02
1215 -5.493213e-02
1216 -5.601129e-02
1217 -5.459786e-02
1218 -5.082060e-02
1219 -4.480812e-02
1220 -3.664351e-02
1221 -2.642099e-02
1222 -1.438807e-02
1223 -1.021992e-03
1224 1.301813e-02
1225 2.702427e-02
1226 4.033660e-02
1227 5.240167e-02
1228 6.278429e-02
1229 7.113380e-02
1230 7.716186e-02
1231 8.068892e-02
1232 8.158657e-02
1233 7.969979e-02
1234 7.487114e-02
1235 6.703566e-02
1236 5.633157e-02
1237 4.312351e-02
1238 2.796444e-02
1239 1.151843e-02
1240 -5.510492e-03
1241 -2.244586e-02
1242 -3.868684e-02
1243 -5.369117e-02
1244 -6.699229e-02
1245 -7.817242e-02
1246 -8.687692e-02
1247 -9.277072e-02
1248 -9.556084e-02
1249 -9.497991e-02
1250 -9.083947e-02
1251 -8.313138e-02
1252 -7.206174e-02
1253 -5.807179e-02
1254 -4.167168e-02
1255 -2.339337e-02
1256 -3.838017e-03
1257 1.628250e-02
1258 3.621756e-02
1259 5.522506e-02
1260 7.251540e-02
1261 8.726416e-02
1262 9.870185e-02
1263 1.062381e-01
1264 1.095220e-01
1265 1.084430e-01
1266 1.030677e-01
1267 9.361958e-02
1268 8.039952e-02
1269 6.382351e-02
1270 4.446457e-02
1271 2.302404e-02
1272 2.629862e-04
1273 -2.299212e-02
1274 -4.585603e-02
1275 -6.741227e-02
1276 -8.678456e-02
1277 -1.031513e-01
1278 -1.157748e-01
1279 -1.240526e-01
1280 -1.275987e-01
1281 -1.262827e-01
1282 -1.202140e-01
1283 -1.096304e-01
1284 -9.489689e-02
1285 -7.654641e-02
1286 -5.531783e-02
1287 -3.209569e-02
1288 -7.741418e-03
1289 1.697562e-02
1290 4.127393e-02
1291 6.435652e-02
1292 8.540629e-02
1293 1.035946e-01
1294 1.181396e-01
1295 1.283473e-01
1296 1.336775e-01
1297 1.338887e-01
1298 1.290451e-01
1299 1.193782e-01
1300 1.052650e-01
1301 8.721770e-02
1302 6.586924e-02
1303 4.193735e-02
1304 1.627787e-02
1305 -1.014112e-02
1306 -3.634527e-02
1307 -6.145281e-02
1308 -8.464419e-02
1309 -1.050886e-01
1310 -1.219398e-01
1311 -1.343878e-01
1312 -1.417861e-01
1313 -1.437434e-01
1314 -1.401316e-01
1315 -1.310804e-01
1316 -1.169934e-01
1317 -9.844883e-02
1318 -7.609577e-02
1319 -5.062745e-02
1320 -2.279005e-02
1321 6.518936e-03
1322 3.620050e-02
1323 6.501586e-02
1324 9.173416e-02
1325 1.152229e-01
1326 1.344804e-01
1327 1.486664e-01
1328 1.571750e-01
1329 1.596527e-01
1330 1.560070e-01
1331 1.464395e-01
1332 1.314288e-01
1333 1.115956e-01
1334 8.763351e-02
1335 6.031572e-02
1336 3.053335e-02
1337 -6.773111e-04
1338 -3.217022e-02
1339 -6.273276e-02
1340 -9.115716e-02
1341 -1.163182e-01
1342 -1.372320e-01
1343 -1.530765e-01
1344 -1.632546e-01
1345 -1.674017e-01
1346 -1.653949e-01
1347 -1.573215e-01
1348 -1.434660e-01
1349 -1.242838e-01
1350 -1.004282e-01
1351 -7.269888e-02
1352 -4.207799e-02
1353 -9.727942e-03
1354 2.303098e-02
1355 5.488202e-02
1356 8.460565e-02
1357 1.111509e-01
1358 1.336189e-01
1359 1.512792e-01
1360 1.635940e-01
1361 1.701738e-01
1362 1.707994e-01
1363 1.654192e-01
1364 1.541377e-01
1365 1.372215e-01
1366 1.151062e-01
1367 8.843818e-02
1368 5.817677e-02
1369 2.559683e-02
1370 -7.851803e-03
1371 -4.070898e-02
1372 -7.169315e-02
1373 -9.982317e-02
1374 -1.242854e-01
1375 -1.443565e-01
1376 -1.593962e-01
1377 -1.689373e-01
1378 -1.726461e-01
1379 -1.702880e-01
1380 -1.617213e-01
1381 -1.470280e-01
1382 -1.266173e-01
1383 -1.012325e-01
1384 -7.187993e-02
1385 -3.970403e-02
1386 -5.885958e-03
1387 2.831519e-02
1388 6.157268e-02
1389 9.258113e-02
1390 1.201700e-01
1391 1.432367e-01
1392 1.607616e-01
1393 1.719538e-01
1394 1.763353e-01
1395 1.737543e-01
1396 1.643555e-01
1397 1.485941e-01
1398 1.271572e-01
1399 1.008576e-01
1400 7.062730e-02
1401 3.753066e-02
1402 2.769144e-03
1403 -3.233684e-02
1404 -6.643620e-02
1405 -9.819675e-02
1406 -1.262977e-01
1407 -1.495014e-01
1408 -1.667670e-01
1409 -1.773881e-01
1410 -1.810932e-01
1411 -1.779800e-01
1412 -1.683733e-01
1413 -1.527254e-01
1414 -1.315841e-01
1415 -1.056405e-01
1416 -7.582062e-02
1417 -4.328568e-02
1418 -9.342227e-03
1419 2.473853e-02
1420 5.776168e-02
1421 8.854370e-02
1422 1.159241e-01
1423 1.388849e-01
1424 1.566018e-01
1425 1.684554e-01
1426 1.739933e-01
1427 1.729490e-01
1428 1.653185e-01
1429 1.514460e-01
1430 1.319878e-01
1431 1.078107e-01
1432 7.989025e-02
1433 4.924435e-02
1434 1.693419e-02
1435 -1.589336e-02
1436 -4.809140e-02
1437 -7.856473e-02
1438 -1.062799e-01
1439 -1.302866e-01
1440 -1.496916e-01
1441 -1.636417e-01
1442 -1.714022e-01
1443 -1.724614e-01
1444 -1.666579e-01
1445 -1.542191e-01
1446 -1.357149e-01
1447 -1.119402e-01
1448 -8.392549e-02
1449 -5.291072e-02
1450 -2.020816e-02
1451 1.294674e-02
1452 4.549423e-02
1453 7.648986e-02
1454 1.049593e-01
1455 1.298733e-01
1456 1.502124e-01
1457 1.650812e-01
1458 1.737614e-01
1459 1.758008e-01
1460 1.710631e-01
1461 1.596876e-01
1462 1.421399e-01
1463 1.192275e-01
1464 9.194699e-02
1465 6.127685e-02
1466 2.818633e-02
1467 -6.245948e-03
1468 -4.074320e-02
1469 -7.392806e-02
1470 -1.043986e-01
1471 -1.308895e-01
1472 -1.523555e-01
1473 -1.681104e-01
1474 -1.777762e-01
1475 -1.811117e-01
1476 -1.779767e-01
1477 -1.683992e-01
1478 -1.526259e-01
1479 -1.311302e-01
1480 -1.045797e-01
1481 -7.383395e-02
1482 -4.001605e-02
1483 -4.498431e-03
1484 3.121217e-02
1485 6.569207e-02
1486 9.770264e-02
1487 1.261787e-01
1488 1.501887e-01
1489 1.689726e-01
1490 1.819112e-01
1491 1.884887e-01
1492 1.883005e-01
1493 1.811598e-01
1494 1.671502e-01
1495 1.466392e-01
1496 1.202654e-01
1497 8.900686e-02
1498 5.416859e-02
1499 1.726344e-02
1500 -2.018731e-02
1501 -5.679042e-02
1502 -9.127883e-02
1503 -1.224802e-01
1504 -1.492971e-01
1505 -1.707040e-01
1506 -1.858039e-01
1507 -1.938833e-01
1508 -1.945708e-01
1509 -1.878697e-01
1510 -1.740750e-01
1511 -1.536675e-01
1512 -1.273525e-01
1513 -9.613649e-02
1514 -6.127574e-02
1515 -2.416390e-02
1516 1.383837e-02
1517 5.148130e-02
1518 8.746619e-02
1519 1.203623e-01
1520 1.487465e-01
1521 1.714040e-01
1522 1.874401e-01
1523 1.963027e-01
1524 1.977154e-01
1525 1.916506e-01
1526 1.783293e-01
1527 1.583051e-01
1528 1.324403e-01
1529 1.017771e-01
1530 6.739262e-02
1531 3.042506e-02
1532 -7.819281e-03
1533 -4.587997e-02
1534 -8.218953e-02
1535 -1.152290e-01
1536 -1.436902e-01
1537 -1.665624e-01
1538 -1.831330e-01
1539 -1.929297e-01
1540 -1.956304e-01
1541 -1.910911e-01
1542 -1.794566e-01
1543 -1.612155e-01
1544 -1.370981e-01
1545 -1.080046e-01
1546 -7.498601e-02
1547 -3.923927e-02
1548 -2.151644e-03
1549 3.475655e-02
1550 6.999927e-02
1551 1.022090e-01
1552 1.301805e-01
1553 1.529336e-01
1554 1.697697e-01
1555 1.802306e-01
1556 1.840488e-01
1557 1.810713e-01
1558 1.713028e-01
1559 1.550322e-01
1560 1.328684e-01
1561 1.057131e-01
1562 7.467110e-02
1563 4.097355e-02
1564 5.935014e-03
1565 -2.911616e-02
1566 -6.293065e-02
1567 -9.434444e-02
1568 -1.222732e-01
1569 -1.456724e-01
1570 -1.635873e-01
1571 -1.752312e-01
1572 -1.801017e-01
1573 -1.780093e-01
1574 -1.690713e-01
1575 -1.537160e-01
1576 -1.326299e-01
1577 -1.066516e-01
1578 -7.676589e-02
1579 -4.411092e-02
1580 -9.931164e-03
1581 2.449501e-02
1582 5.792602e-02
1583 8.916019e-02
1584 1.170410e-01
1585 1.404784e-01
1586 1.585237e-01
1587 1.704749e-01
1588 1.758955e-01
1589 1.746549e-01
1590 1.668994e-01
1591 1.529926e-01
1592 1.334660e-01
1593 1.089930e-01
1594 8.041327e-02
1595 4.877841e-02
1596 1.538238e-02
1597 -1.830232e-02
1598 -5.076418e-02
1599 -8.060055e-02
1600 -1.066697e-01
1601 -1.280895e-01
1602 -1.442071e-01
1603 -1.545505e-01
1604 -1.587885e-01
1605 -1.568456e-01
1606 -1.489399e-01
1607 -1.355612e-01
1608 -1.173216e-01
1609 -9.488125e-02
1610 -6.895268e-02
1611 -4.040789e-02
1612 -1.034049e-02
1613 2.000813e-02
1614 4.935863e-02
1615 7.646922e-02
1616 1.002395e-01
1617 1.197753e-01
1618 1.344540e-01
1619 1.438760e-01
1620 1.477945e-01
1621 1.460550e-01
1622 1.386220e-01
1623 1.256518e-01
1624 1.076170e-01
1625 8.527840e-02
1626 5.953084e-02
1627 3.135515e-02
1628 1.901717e-03
1629 -2.757310e-02
1630 -5.589212e-02
1631 -8.207266e-02
1632 -1.052731e-01
1633 -1.246679e-01
1634 -1.394857e-01
1635 -1.491151e-01
1636 -1.531590e-01
1637 -1.514029e-01
1638 -1.438253e-01
1639 -1.306544e-01
1640 -1.124116e-01
1641 -8.986531e-02
1642 -6.395187e-02
1643 -3.562091e-02
1644 -5.832258e-03
1645 2.432802e-02
1646 5.369104e-02
1647 8.111699e-02
1648 1.054889e-01
1649 1.257561e-01
1650 1.410504e-01
1651 1.507330e-01
1652 1.544252e-01
1653 1.519811e-01
1654 1.435460e-01
1655 1.295175e-01
1656 1.105030e-01
1657 8.726767e-02
1658 6.075061e-02
1659 3.198892e-02
1660 1.982210e-03
1661 -2.823782e-02
1662 -5.753342e-02
1663 -8.469053e-02
1664 -1.085186e-01
1665 -1.279434e-01
1666 -1.421280e-01
1667 -1.505390e-01
1668 -1.529424e-01
1669 -1.493307e-01
1670 -1.398819e-01
1671 -1.249671e-01
1672 -1.052009e-01
1673 -8.137420e-02
1674 -5.442101e-02
1675 -2.536158e-02
1676 4.703741e-03
1677 3.462239e-02
1678 6.322295e-02
1679 8.933778e-02
1680 1.118822e-01
1681 1.299823e-01
1682 1.429611e-01
1683 1.503639e-01
1684 1.519346e-01
1685 1.476227e-01
1686 1.375804e-01
1687 1.221662e-01
1688 1.019286e-01
1689 7.754295e-02
1690 4.976859e-02
1691 1.947797e-02
1692 -1.228904e-02
1693 -4.430982e-02
1694 -7.526467e-02
1695 -1.038331e-01
1696 -1.287756e-01
1697 -1.489852e-01
1698 -1.635742e-01
1699 -1.719142e-01
1700 -1.736761e-01
1701 -1.688648e-01
1702 -1.577518e-01
1703 -1.407847e-01
1704 -1.185474e-01
1705 -9.178286e-02
1706 -6.137680e-02
1707 -2.832922e-02
1708 6.287724e-03
1709 4.133240e-02
1710 7.557844e-02
1711 1.076746e-01
1712 1.362347e-01
1713 1.599562e-01
1714 1.777329e-01
1715 1.887328e-01
1716 1.924471e-01
1717 1.886113e-01
1718 1.772758e-01
1719 1.588712e-01
1720 1.341700e-01
1721 1.041661e-01
1722 7.000190e-02
1723 3.295750e-02
1724 -5.622749e-03
1725 -4.435650e-02
1726 -8.186683e-02
1727 -1.167704e-01
1728 -1.476385e-01
1729 -1.730404e-01
1730 -1.917205e-01
1731 -2.028244e-01
1732 -2.059939e-01
1733 -2.012299e-01
1734 -1.887344e-01
1735 -1.688889e-01
1736 -1.422805e-01
1737 -1.097861e-01
1738 -7.256678e-02
1739 -3.204975e-02
1740 1.010492e-02
1741 5.210664e-02
1742 9.220629e-02
1743 1.288300e-01
1744 1.605988e-01
1745 1.863166e-01
1746 2.050255e-01
1747 2.159976e-01
1748 2.187360e-01
1749 2.130576e-01
1750 1.991374e-01
1751 1.774503e-01
1752 1.487829e-01
1753 1.142769e-01
1754 7.531817e-02
1755 3.341894e-02
1756 -9.914935e-03
1757 -5.319543e-02
1758 -9.487918e-02
1759 -1.334001e-01
1760 -1.672094e-01
1761 -1.948856e-01
1762 -2.151885e-01
1763 -2.271636e-01
1764 -2.302757e-01
1765 -2.244394e-01
1766 -2.099703e-01
1767 -1.874433e-01
1768 -1.576602e-01
1769 -1.216824e-01
1770 -8.086376e-02
1771 -3.680444e-02
1772 8.719492e-03
1773 5.395040e-02
1774 9.722012e-02
1775 1.369696e-01
1776 1.717161e-01
1777 2.000647e-01
1778 2.208747e-01
1779 2.333965e-01
1780 2.372461e-01
1781 2.323111e-01
1782 2.187385e-01
1783 1.970085e-01
1784 1.679588e-01
1785 1.327052e-01
1786 9.256392e-02
1787 4.898163e-02
1788 3.531196e-03
1789 -4.214850e-02
1790 -8.638018e-02
1791 -1.275260e-01
1792 -1.640696e-01
1793 -1.946563e-01
1794 -2.181693e-01
1795 -2.337617e-01
1796 -2.408864e-01
1797 -2.392569e-01
1798 -2.288439e-01
1799 -2.099115e-01
1800 -1.830698e-01
1801 -1.492697e-01
1802 -1.097853e-01
1803 -6.613044e-02
1804 -1.989972e-02
1805 2.730243e-02
1806 7.383331e-02
1807 1.180022e-01
1808 1.581125e-01
1809 1.925864e-01
1810 2.201294e-01
1811 2.397899e-01
1812 2.509128e-01
1813 2.530890e-01
1814 2.461004e-01
1815 2.300571e-01
1816 2.054829e-01
1817 1.732198e-01
1818 1.343244e-01
1819 9.007271e-02
1820 4.205305e-02
1821 -7.880162e-03
1822 -5.774862e-02
1823 -1.055698e-01
1824 -1.494736e-01
1825 -1.878155e-01
1826 -2.192282e-01
1827 -2.426007e-01
1828 -2.571597e-01
1829 -2.624890e-01
1830 -2.584829e-01
1831 -2.453333e-01
1832 -2.235459e-01
1833 -1.938599e-01
1834 -1.571602e-01
1835 -1.145888e-01
1836 -6.766704e-02
1837 -1.831003e-02
1838 3.140810e-02
1839 7.952187e-02
1840 1.242827e-01
1841 1.640897e-01
1842 1.974503e-01
1843 2.230424e-01
1844 2.398334e-01
1845 2.471958e-01
1846 2.449683e-01
1847 2.334125e-01
1848 2.130545e-01
1849 1.847104e-01
1850 1.495546e-01
1851 1.090035e-01
1852 6.459751e-02
1853 1.791917e-02
1854 -2.940488e-02
1855 -7.565020e-02
1856 -1.190469e-01
1857 -1.578680e-01
1858 -1.904715e-01
1859 -2.154483e-01
1860 -2.317350e-01
1861 -2.386956e-01
1862 -2.360878e-01
1863 -2.240958e-01
1864 -2.032540e-01
1865 -1.744547e-01
1866 -1.389021e-01
1867 -9.803928e-02
1868 -5.339735e-02
1869 -6.569048e-03
1870 4.079712e-02
1871 8.697268e-02
1872 1.300833e-01
1873 1.682151e-01
1874 1.996293e-01
1875 2.229621e-01
1876 2.373149e-01
1877 2.422392e-01
1878 2.376535e-01
1879 2.237599e-01
1880 2.010592e-01
1881 1.703450e-01
1882 1.327219e-01
1883 8.960413e-02
1884 4.265032e-02
1885 -6.275542e-03
1886 -5.520099e-02
1887 -1.021505e-01
1888 -1.452471e-01
1889 -1.827764e-01
1890 -2.133089e-01
1891 -2.357394e-01
1892 -2.492269e-01
1893 -2.531663e-01
1894 -2.472730e-01
1895 -2.317351e-01
1896 -2.072209e-01
1897 -1.747581e-01
1898 -1.356772e-01
1899 -9.156931e-02
1900 -4.421926e-02
1901 4.539811e-03
1902 5.293021e-02
1903 9.923356e-02
1904 1.417655e-01
1905 1.789054e-01
1906 2.091579e-01
1907 2.312338e-01
1908 2.442165e-01
1909 2.476286e-01
1910 2.414221e-01
1911 2.259115e-01
1912 2.017066e-01
1913 1.697364e-01
1914 1.312930e-01
1915 8.798096e-02
1916 4.151949e-02
1917 -6.399925e-03
1918 -5.410538e-02
1919 -9.984006e-02
1920 -1.418610e-01
1921 -1.785136e-01
1922 -2.082500e-01
1923 -2.297416e-01
1924 -2.420225e-01
1925 -2.445540e-01
1926 -2.372307e-01
1927 -2.203607e-01
1928 -1.946466e-01
1929 -1.612018e-01
1930 -1.214611e-01
1931 -7.702991e-02
1932 -2.952080e-02
1933 1.937794e-02
1934 6.789257e-02
1935 1.141204e-01
1936 1.561278e-01
1937 1.920982e-01
1938 2.204391e-01
1939 2.398668e-01
1940 2.494716e-01
1941 2.487618e-01
1942 2.377404e-01
1943 2.168926e-01
1944 1.870709e-01
1945 1.494708e-01
1946 1.055898e-01
1947 5.721349e-02
1948 6.313843e-03
1949 -4.506556e-02
1950 -9.492711e-02
1951 -1.413255e-01
1952 -1.823914e-01
1953 -2.164287e-01
1954 -2.420738e-01
1955 -2.584021e-01
1956 -2.649248e-01
1957 -2.615152e-01
1958 -2.482807e-01
1959 -2.255617e-01
1960 -1.939834e-01
1961 -1.545531e-01
1962 -1.086867e-01
1963 -5.811286e-02
1964 -4.811400e-03
1965 4.908298e-02
1966 1.013868e-01
1967 1.499481e-01
1968 1.927404e-01
1969 2.280334e-01
1970 2.545778e-01
1971 2.715761e-01
1972 2.785329e-01
1973 2.751948e-01
1974 2.616419e-01
1975 2.383223e-01
1976 2.060322e-01
1977 1.658915e-01
1978 1.192810e-01
1979 6.783700e-02
1980 1.341625e-02
1981 -4.193672e-02
1982 -9.606177e-02
1983 -1.468074e-01
1984 -1.921830e-01
1985 -2.304554e-01
1986 -2.601204e-01
1987 -2.799643e-01
1988 -2.891189e-01
1989 -2.871661e-01
1990 -2.742536e-01
1991 -2.510213e-01
1992 -2.183962e-01
1993 -1.774976e-01
1994 -1.296765e-01
1995 -7.658589e-02
1996 -2.019911e-02
1997 3.728089e-02
1998 9.356114e-02
1999 1.464156e-01
2000 1.938280e-01
2001 2.340347e-01
2002 2.655455e-01
2003 2.871567e-01
2004 2.980348e-01
2005 2.977323e-01
2006 2.862486e-01
2007 2.639886e-01
2008 2.317418e-01
2009 1.906589e-01
2010 1.422881e-01
2011 8.855926e-02
2012 3.160303e-02
2013 -2.641021e-02
2014 -8.336238e-02
2015 -1.372214e-01
2016 -1.861018e-01
2017 -2.282864e-01
2018 -2.622832e-01
2019 -2.868357e-01
2020 -3.009859e-01
2021 -3.041327e-01
2022 -2.960984e-01
2023 -2.771222e-01
2024 -2.478903e-01
2025 -2.095134e-01
2026 -1.634860e-01
2027 -1.115917e-01
2028 -5.576400e-02
2029 2.011455e-03
2030 5.984564e-02
2031 1.159010e-01
2032 1.683235e-01
2033 2.152616e-01
2034 2.549532e-01
2035 2.858435e-01
2036 3.066355e-01
2037 3.163389e-01
2038 3.143062e-01
2039 3.003992e-01
2040 2.750977e-01
2041 2.394429e-01
2042 1.949062e-01
2043 1.432220e-01
2044 8.628425e-02
2045 2.610894e-02
2046 -3.522043e-02
2047 -9.560434e-02
2048 -1.529343e-01
2049 -2.051349e-01
2050 -2.502829e-01
2051 -2.866656e-01
2052 -3.128019e-01
2053 -3.275298e-01
2054 -3.301257e-01
2055 -3.204108e-01
2056 -2.987021e-01
2057 -2.657077e-01
2058 -2.224779e-01
2059 -1.704888e-01
2060 -1.116758e-01
2061 -4.834862e-02
2062 1.701736e-02
2063 8.200018e-02
2064 1.442573e-01
2065 2.014796e-01
2066 2.515349e-01
2067 2.926125e-01
2068 3.232924e-01
2069 3.424415e-01
2070 3.492360e-01
2071 3.432498e-01
2072 3.245719e-01
2073 2.938841e-01
2074 2.523941e-01
2075 2.017198e-01
2076 1.438088e-01
2077 8.081863e-02
2078 1.503149e-02
2079 -5.117095e-02
2080 -1.154108e-01
2081 -1.754743e-01
2082 -2.293007e-01
2083 -2.750198e-01
2084 -3.110333e-01
2085 -3.360689e-01
2086 -3.492465e-01
2087 -3.500790e-01
2088 -3.384881e-01
2089 -3.148357e-01
2090 -2.799177e-01
2091 -2.349340e-01
2092 -1.815164e-01
2093 -1.216784e-01
2094 -5.767075e-02
2095 8.202385e-03
2096 7.361017e-02
2097 1.362281e-01
2098 1.938413e-01
2099 2.444932e-01
2100 2.865457e-01
2101 3.186805e-01
2102 3.398571e-01
2103 3.492959e-01
2104 3.465150e-01
2105 3.313939e-01
2106 3.043203e-01
2107 2.661924e-01
2108 2.183363e-01
2109 1.623873e-01
2110 1.003784e-01
2111 3.464956e-02
2112 -3.231339e-02
2113 -9.801632e-02
2114 -1.600698e-01
2115 -2.162957e-01
2116 -2.647403e-01
2117 -3.036801e-01
2118 -3.316391e-01
2119 -3.475740e-01
2120 -3.509502e-01
2121 -3.417533e-01
2122 -3.203021e-01
2123 -2.872081e-01
2124 -2.435248e-01
2125 -1.908179e-01
2126 -1.310449e-01
2127 -6.640641e-02
2128 7.617056e-04
2129 6.804781e-02
2130 1.329973e-01
2131 1.931694e-01
2132 2.462595e-01
2133 2.902719e-01
2134 3.235716e-01
2135 3.449422e-01
2136 3.536969e-01
2137 3.496641e-01
2138 3.331460e-01
2139 3.048512e-01
2140 2.658484e-01
2141 2.175746e-01
2142 1.618042e-01
2143 1.005555e-01
2144 3.609719e-02
2145 -2.917506e-02
2146 -9.285575e-02
2147 -1.526415e-01
2148 -2.064430e-01
2149 -2.524891e-01
2150 -2.892570e-01
2151 -3.155059e-01
2152 -3.303032e-01
2153 -3.330534e-01
2154 -3.235426e-01
2155 -3.020901e-01
2156 -2.696199e-01
2157 -2.275635e-01
2158 -1.776717e-01
2159 -1.219131e-01
2160 -6.238078e-02
2161 -1.218461e-03
2162 5.941356e-02
2163 1.173799e-01
2164 1.706659e-01
2165 2.174279e-01
2166 2.560289e-01
2167 2.850510e-01
2168 3.033151e-01
2169 3.100775e-01
2170 3.051465e-01
2171 2.889188e-01
2172 2.622974e-01
2173 2.265390e-01
2174 1.830813e-01
2175 1.335153e-01
2176 7.961015e-02
2177 2.329593e-02
2178 -3.335934e-02
2179 -8.829596e-02
2180 -1.395217e-01
2181 -1.851699e-01
2182 -2.235069e-01
2183 -2.530446e-01
2184 -2.726956e-01
2185 -2.818824e-01
2186 -2.804838e-01
2187 -2.687184e-01
2188 -2.471267e-01
2189 -2.166364e-01
2190 -1.785679e-01
2191 -1.345115e-01
2192 -8.617754e-02
2193 -3.535974e-02
2194 1.607937e-02
2195 6.618737e-02
2196 1.130127e-01
2197 1.547423e-01
2198 1.898632e-01
2199 2.173030e-01
2200 2.363663e-01
2201 2.465970e-01
2202 2.477714e-01
2203 2.399499e-01
2204 2.235420e-01
2205 1.992484e-01
2206 1.680186e-01
2207 1.309918e-01
2208 8.948494e-02
2209 4.501060e-02
2210 -6.927361e-04
2211 -4.576927e-02
2212 -8.843825e-02
2213 -1.271442e-01
2214 -1.605590e-01
2215 -1.875728e-01
2216 -2.073291e-01
2217 -2.193349e-01
2218 -2.234624e-01
2219 -2.199188e-01
2220 -2.091752e-01
2221 -1.918097e-01
2222 -1.684268e-01
2223 -1.397433e-01
2224 -1.066437e-01
2225 -7.021352e-02
2226 -3.179580e-02
2227 7.145732e-03
2228 4.520395e-02
2229 8.115282e-02
2230 1.138984e-01
2231 1.424304e-01
2232 1.658159e-01
2233 1.832122e-01
2234 1.939187e-01
2235 1.974813e-01
2236 1.937744e-01
2237 1.829409e-01
2238 1.653945e-01
2239 1.417878e-01
2240 1.129613e-01
2241 8.001178e-02
2242 4.424027e-02
2243 7.057855e-03
2244 -3.007993e-02
2245 -6.571909e-02
2246 -9.846406e-02
2247 -1.270046e-01
2248 -1.501511e-01
2249 -1.670076e-01
2250 -1.770158e-01
2251 -1.799073e-01
2252 -1.756672e-01
2253 -1.644960e-01
2254 -1.467581e-01
2255 -1.230591e-01
2256 -9.432934e-02
2257 -6.182872e-02
2258 -2.705362e-02
2259 8.446818e-03
2260 4.312515e-02
2261 7.545552e-02
2262 1.040056e-01
2263 1.275849e-01
2264 1.453268e-01
2265 1.567468e-01
2266 1.616840e-01
2267 1.601765e-01
2268 1.524278e-01
2269 1.388329e-01
2270 1.199394e-01
2271 9.648184e-02
2272 6.944897e-02
2273 4.008700e-02
2274 9.773834e-03
2275 -2.009135e-02
2276 -4.815776e-02
2277 -7.327678e-02
2278 -9.457519e-02
2279 -1.114033e-01
2280 -1.232813e-01
2281 -1.298091e-01
2282 -1.306869e-01
2283 -1.258441e-01
2284 -1.154141e-01
2285 -9.982006e-02
2286 -7.981889e-02
2287 -5.644061e-02
2288 -3.086549e-02
2289 -4.345675e-03
2290 2.181874e-02
2291 4.644370e-02
2292 6.858628e-02
2293 8.751736e-02
2294 1.025987e-01
2295 1.131892e-01
2296 1.186958e-01
2297 1.187187e-01
2298 1.131134e-01
2299 1.020556e-01
2300 8.603586e-02
2301 6.582495e-02
2302 4.237569e-02
2303 1.676484e-02
2304 -9.868360e-03
2305 -3.639685e-02
2306 -6.170373e-02
2307 -8.468643e-02
2308 -1.042639e-01
2309 -1.194985e-01
2310 -1.296207e-01
2311 -1.341174e-01
2312 -1.327077e-01
2313 -1.253442e-01
2314 -1.122835e-01
2315 -9.411845e-02
2316 -7.166289e-02
2317 -4.583061e-02
2318 -1.754947e-02
2319 1.219203e-02
2320 4.227716e-02
2321 7.141493e-02
2322 9.825418e-02
2323 1.215189e-01
2324 1.401153e-01
2325 1.531592e-01
2326 1.600134e-01
2327 1.603028e-01
2328 1.539176e-01
2329 1.410073e-01
2330 1.219627e-01
2331 9.739147e-02
2332 6.801445e-02
2333 3.482125e-02
2334 -8.505278e-04
2335 -3.739926e-02
2336 -7.308270e-02
2337 -1.062326e-01
2338 -1.353473e-01
2339 -1.591275e-01
2340 -1.765353e-01
2341 -1.867638e-01
2342 -1.893266e-01
2343 -1.840401e-01
2344 -1.710265e-01
2345 -1.507623e-01
2346 -1.240349e-01
2347 -9.187084e-02
2348 -5.550989e-02
2349 -1.640648e-02
2350 2.378689e-02
2351 6.331849e-02
2352 1.005449e-01
2353 1.340782e-01
2354 1.627431e-01
2355 1.854721e-01
2356 2.012693e-01
2357 2.092537e-01
2358 2.087927e-01
2359 1.996693e-01
2360 1.821276e-01
2361 1.568025e-01
2362 1.246845e-01
2363 8.708485e-02
2364 4.559621e-02
2365 1.954234e-03
2366 -4.212507e-02
2367 -8.499897e-02
2368 -1.250303e-01
2369 -1.605734e-01
2370 -1.900873e-01
2371 -2.123341e-01
2372 -2.264691e-01
2373 -2.319799e-01
2374 -2.285940e-01
2375 -2.162524e-01
2376 -1.951874e-01
2377 -1.660504e-01
2378 -1.300022e-01
2379 -8.859044e-02
2380 -4.356232e-02
2381 3.254418e-03
2382 5.001155e-02
2383 9.487803e-02
2384 1.361116e-01
2385 1.721381e-01
2386 2.016909e-01
2387 2.237939e-01
2388 2.376927e-01
2389 2.427516e-01
2390 2.386379e-01
2391 2.253850e-01
2392 2.034500e-01
2393 1.737251e-01
2394 1.374764e-01
2395 9.621507e-02
2396 5.166810e-02
2397 5.655603e-03
2398 -4.002756e-02
2399 -8.374716e-02
2400 -1.240360e-01
2401 -1.594848e-01
2402 -1.887230e-01
2403 -2.104858e-01
2404 -2.238053e-01
2405 -2.281785e-01
2406 -2.236190e-01
2407 -2.106084e-01
2408 -1.898701e-01
2409 -1.621980e-01
2410 -1.285237e-01
2411 -8.998893e-02
2412 -4.795062e-02
2413 -3.896698e-03
2414 4.053863e-02
2415 8.365406e-02
2416 1.237353e-01
2417 1.591633e-01
2418 1.885235e-01
2419 2.106120e-01
2420 2.244726e-01
2421 2.295389e-01
2422 2.257391e-01
2423 2.134449e-01
2424 1.933824e-01
2425 1.664742e-01
2426 1.337259e-01
2427 9.628895e-02
2428 5.553134e-02
2429 1.297071e-02
2430 -2.983269e-02
2431 -7.137692e-02
2432 -1.101928e-01
2433 -1.448949e-01
2434 -1.741391e-01
2435 -1.967150e-01
2436 -2.116475e-01
2437 -2.182695e-01
2438 -2.163021e-01
2439 -2.059396e-01
2440 -1.878242e-01
2441 -1.629498e-01
2442 -1.325435e-01
2443 -9.796033e-02
2444 -6.057061e-02
2445 -2.175100e-02
2446 1.714480e-02
2447 5.483281e-02
2448 9.009531e-02
2449 1.217659e-01
2450 1.487738e-01
2451 1.701710e-01
2452 1.851467e-01
2453 1.930669e-01
2454 1.935436e-01
2455 1.865234e-01
2456 1.723955e-01
2457 1.519559e-01
2458 1.262298e-01
2459 9.628739e-02
2460 6.328906e-02
2461 2.853214e-02
2462 -6.649825e-03
2463 -4.104963e-02
2464 -7.354795e-02
2465 -1.029955e-01
2466 -1.282441e-01
2467 -1.482842e-01
2468 -1.623534e-01
2469 -1.701230e-01
2470 -1.716732e-01
2471 -1.672851e-01
2472 -1.573050e-01
2473 -1.421045e-01
2474 -1.221994e-01
2475 -9.828623e-02
2476 -7.124095e-02
2477 -4.202301e-02
2478 -1.163700e-02
2479 1.894029e-02
2480 4.870166e-02
2481 7.659993e-02
2482 1.015769e-01
2483 1.226885e-01
2484 1.391727e-01
2485 1.504718e-01
2486 1.561605e-01
2487 1.560538e-01
2488 1.501690e-01
2489 1.387270e-01
2490 1.221664e-01
2491 1.010682e-01
2492 7.610972e-02
2493 4.805609e-02
2494 1.789957e-02
2495 -1.318482e-02
2496 -4.392510e-02
2497 -7.311589e-02
2498 -9.972033e-02
2499 -1.228232e-01
2500 -1.415670e-01
2501 -1.551961e-01
2502 -1.632131e-01
2503 -1.654573e-01
2504 -1.619926e-01
2505 -1.529582e-01
2506 -1.386064e-01
2507 -1.193714e-01
2508 -9.589627e-02
2509 -6.902328e-02
2510 -3.974590e-02
2511 -9.193994e-03
2512 2.140389e-02
2513 5.082703e-02
2514 7.791954e-02
2515 1.016587e-01
2516 1.212173e-01
2517 1.359864e-01
2518 1.455251e-01
2519 1.495772e-01
2520 1.481211e-01
2521 1.414024e-01
2522 1.298832e-01
2523 1.141298e-01
2524 9.477369e-02
2525 7.243842e-02
2526 4.779776e-02
2527 2.166541e-02
2528 -5.028552e-03
2529 -3.130239e-02
2530 -5.615565e-02
2531 -7.857417e-02
2532 -9.766770e-02
2533 -1.127946e-01
2534 -1.235422e-01
2535 -1.296601e-01
2536 -1.309706e-01
2537 -1.274461e-01
2538 -1.192392e-01
2539 -1.066696e-01
2540 -9.018915e-02
2541 -7.046792e-02
2542 -4.839493e-02
2543 -2.493311e-02
2544 -1.022847e-03
2545 2.247564e-02
2546 4.471576e-02
2547 6.484514e-02
2548 8.209774e-02
2549 9.592886e-02
2550 1.059966e-01
2551 1.121097e-01
2552 1.142359e-01
2553 1.124508e-01
2554 1.068939e-01
2555 9.783725e-02
2556 8.573060e-02
2557 7.115294e-02
2558 5.474163e-02
2559 3.720158e-02
2560 1.922326e-02
2561 1.472041e-03
2562 -1.549797e-02
2563 -3.125414e-02
2564 -4.534000e-02
2565 -5.722024e-02
2566 -6.647466e-02
2567 -7.287120e-02
2568 -7.640416e-02
2569 -7.722112e-02
2570 -7.554277e-02
2571 -7.167298e-02
2572 -6.600034e-02
2573 -5.891320e-02
2574 -5.073839e-02
2575 -4.171936e-02
2576 -3.206454e-02
2577 -2.198628e-02
2578 -1.171624e-02
2579 -1.496786e-03
2580 8.423925e-03
2581 1.784513e-02
2582 2.662962e-02
2583 3.464683e-02
2584 4.172514e-02
2585 4.763499e-02
2586 5.213414e-02
2587 5.503267e-02
2588 5.626831e-02
2589 5.587233e-02
2590 5.390589e-02
2591 5.049746e-02
2592 4.587363e-02
2593 4.035957e-02
2594 3.422664e-02
2595 2.759124e-02
2596 2.047745e-02
2597 1.285231e-02
2598 4.621764e-03
2599 -4.293226e-03
2600 -1.379365e-02
2601 -2.351571e-02
2602 -3.293026e-02
2603 -4.153860e-02
2604 -4.891934e-02
2605 -5.474386e-02
2606 -5.886577e-02
2607 -6.128964e-02
2608 -6.207016e-02
2609 -6.124790e-02
2610 -5.880218e-02
2611 -5.470213e-02
2612 -4.894590e-02
2613 -4.164425e-02
2614 -3.294898e-02
2615 -2.298200e-02
2616 -1.189725e-02
2617 5.740075e-05
2618 1.247105e-02
2619 2.485074e-02
2620 3.670779e-02
2621 4.758479e-02
2622 5.705373e-02
2623 6.473463e-02
2624 7.031834e-02
2625 7.361710e-02
2626 7.455610e-02
2627 7.312530e-02
2628 6.927343e-02
2629 6.294732e-02
2630 5.423573e-02
2631 4.344827e-02
2632 3.108820e-02
2633 1.773448e-02
2634 3.926677e-03
2635 -9.942540e-03
2636 -2.358286e-02
2637 -3.672624e-02
2638 -4.904213e-02
2639 -6.012621e-02
2640 -6.949467e-02
2641 -7.661559e-02
2642 -8.097420e-02
2643 -8.216713e-02
2644 -7.999571e-02
2645 -7.451751e-02
2646 -6.595538e-02
2647 -5.463225e-02
2648 -4.096168e-02
2649 -2.537577e-02
2650 -8.380291e-03
2651 9.406573e-03
2652 2.726509e-02
2653 4.440470e-02
2654 5.998723e-02
2655 7.326913e-02
2656 8.363621e-02
2657 9.061286e-02
2658 9.386807e-02
2659 9.325661e-02
2660 8.881433e-02
2661 8.073247e-02
2662 6.930688e-02
2663 5.497743e-02
2664 3.834029e-02
2665 2.013394e-02
2666 1.127714e-03
2667 -1.788734e-02
2668 -3.616097e-02
2669 -5.295710e-02
2670 -6.750025e-02
2671 -7.910536e-02
2672 -8.733424e-02
2673 -9.202040e-02
2674 -9.314097e-02
2675 -9.073886e-02
2676 -8.487564e-02
2677 -7.574466e-02
2678 -6.369900e-02
2679 -4.917397e-02
2680 -3.264905e-02
2681 -1.469068e-02
2682 4.013091e-03
2683 2.263112e-02
2684 4.028956e-02
2685 5.614465e-02
2686 6.949463e-02
2687 7.984115e-02
2688 8.691009e-02
2689 9.061252e-02
2690 9.092619e-02
2691 8.781723e-02
2692 8.126914e-02
2693 7.138557e-02
2694 5.850967e-02
2695 4.319976e-02
2696 2.606569e-02
2697 7.681786e-03
2698 -1.135033e-02
2699 -3.030988e-02
2700 -4.837701e-02
2701 -6.472346e-02
2702 -7.866147e-02
2703 -8.965842e-02
2704 -9.728269e-02
2705 -1.012778e-01
2706 -1.015879e-01
2707 -9.825761e-02
2708 -9.132024e-02
2709 -8.080340e-02
2710 -6.689065e-02
2711 -5.003654e-02
2712 -3.084003e-02
2713 -1.006048e-02
2714 1.141374e-02
2715 3.262973e-02
2716 5.266775e-02
2717 7.066733e-02
2718 8.593844e-02
2719 9.800214e-02
2720 1.065354e-01
2721 1.113378e-01
2722 1.122421e-01
2723 1.091206e-01
2724 1.020185e-01
2725 9.115153e-02
2726 7.679977e-02
2727 5.934627e-02
2728 3.936978e-02
2729 1.768488e-02
2730 -4.817109e-03
2731 -2.723006e-02
2732 -4.866464e-02
2733 -6.823811e-02
2734 -8.509976e-02
2735 -9.846297e-02
2736 -1.077213e-01
2737 -1.125898e-01
2738 -1.130794e-01
2739 -1.093316e-01
2740 -1.015623e-01
2741 -9.011653e-02
2742 -7.545569e-02
2743 -5.804585e-02
2744 -3.841503e-02
2745 -1.719318e-02
2746 4.798381e-03
2747 2.652940e-02
2748 4.692364e-02
2749 6.499986e-02
2750 7.994277e-02
2751 9.115723e-02
2752 9.833418e-02
2753 1.013607e-01
2754 1.002256e-01
2755 9.496272e-02
2756 8.567964e-02
2757 7.259267e-02
2758 5.609004e-02
2759 3.672110e-02
2760 1.518616e-02
2761 -7.645471e-03
2762 -3.074291e-02
2763 -5.294452e-02
2764 -7.308118e-02
2765 -9.024541e-02
2766 -1.038011e-01
2767 -1.133057e-01
2768 -1.184723e-01
2769 -1.191057e-01
2770 -1.150235e-01
2771 -1.060940e-01
2772 -9.230598e-02
2773 -7.384456e-02
2774 -5.115759e-02
2775 -2.504413e-02
2776 3.335430e-03
2777 3.250266e-02
2778 6.092710e-02
2779 8.725490e-02
2780 1.103490e-01
2781 1.292961e-01
2782 1.433895e-01
2783 1.520653e-01
2784 1.549178e-01
2785 1.516848e-01
2786 1.422556e-01
2787 1.267163e-01
2788 1.054273e-01
2789 7.903894e-02
2790 4.848374e-02
2791 1.499179e-02
2792 -2.000800e-02
2793 -5.503552e-02
2794 -8.868420e-02
2795 -1.196695e-01
2796 -1.467956e-01
2797 -1.689366e-01
2798 -1.851121e-01
2799 -1.945429e-01
2800 -1.967339e-01
2801 -1.914540e-01
2802 -1.786941e-01
2803 -1.587148e-01
2804 -1.320393e-01
2805 -9.946799e-02
2806 -6.217640e-02
2807 -2.165803e-02
2808 2.037317e-02
2809 6.209483e-02
2810 1.017047e-01
2811 1.375286e-01
2812 1.681612e-01
2813 1.925288e-01
2814 2.097700e-01
2815 2.192492e-01
2816 2.205803e-01
2817 2.136914e-01
2818 1.988288e-01
2819 1.765250e-01
2820 1.475656e-01
2821 1.130097e-01
2822 7.414359e-02
2823 3.241529e-02
2824 -1.066765e-02
2825 -5.352625e-02
2826 -9.452891e-02
2827 -1.320911e-01
2828 -1.647723e-01
2829 -1.912788e-01
2830 -2.104835e-01
2831 -2.215197e-01
2832 -2.239441e-01
2833 -2.176883e-01
2834 -2.030367e-01
2835 -1.805692e-01
2836 -1.511629e-01
2837 -1.159833e-01
2838 -7.637267e-02
2839 -3.381211e-02
2840 1.009438e-02
2841 5.358488e-02
2842 9.481042e-02
2843 1.320656e-01
2844 1.639735e-01
2845 1.894425e-01
2846 2.076005e-01
2847 2.177760e-01
2848 2.195672e-01
2849 2.128215e-01
2850 1.976181e-01
2851 1.743657e-01
2852 1.438462e-01
2853 1.072033e-01
2854 6.598792e-02
2855 2.198767e-02
2856 -2.294800e-02
2857 -6.695113e-02
2858 -1.081859e-01
2859 -1.449716e-01
2860 -1.758546e-01
2861 -1.996172e-01
2862 -2.153168e-01
2863 -2.223563e-01
2864 -2.205421e-01
2865 -2.100760e-01
2866 -1.915101e-01
2867 -1.657343e-01
2868 -1.338847e-01
2869 -9.716472e-02
2870 -5.681631e-02
2871 -1.425577e-02
2872 2.889834e-02
2873 7.088893e-02
2874 1.099370e-01
2875 1.443797e-01
2876 1.728410e-01
2877 1.942503e-01
2878 2.077797e-01
2879 2.128501e-01
2880 2.092952e-01
2881 1.974327e-01
2882 1.779982e-01
2883 1.519332e-01
2884 1.203150e-01
2885 8.438714e-02
2886 4.554458e-02
2887 5.261020e-03
2888 -3.496319e-02
2889 -7.365972e-02
2890 -1.093899e-01
2891 -1.407849e-01
2892 -1.665770e-01
2893 -1.856794e-01
2894 -1.973601e-01
2895 -2.013541e-01
2896 -1.978121e-01
2897 -1.870973e-01
2898 -1.697154e-01
2899 -1.463046e-01
2900 -1.176964e-01
2901 -8.500586e-02
2902 -4.954221e-02
2903 -1.266171e-02
2904 2.425218e-02
2905 5.985638e-02
2906 9.288678e-02
2907 1.221410e-01
2908 1.465337e-01
2909 1.651848e-01
2910 1.774350e-01
2911 1.829132e-01
2912 1.815593e-01
2913 1.735256e-01
2914 1.591559e-01
2915 1.390408e-01
2916 1.140281e-01
2917 8.513914e-02
2918 5.353283e-02
2919 2.038246e-02
2920 -1.318800e-02
2921 -4.607794e-02
2922 -7.711991e-02
2923 -1.050658e-01
2924 -1.287179e-01
2925 -1.471180e-01
2926 -1.595434e-01
2927 -1.654851e-01
2928 -1.646835e-01
2929 -1.572968e-01
2930 -1.438816e-01
2931 -1.252597e-01
2932 -1.024438e-01
2933 -7.650046e-02
2934 -4.852397e-02
2935 -1.961646e-02
2936 9.132029e-03
2937 3.667472e-02
2938 6.208088e-02
2939 8.454245e-02
2940 1.033032e-01
2941 1.176519e-01
2942 1.270083e-01
2943 1.310471e-01
2944 1.297413e-01
2945 1.234131e-01
2946 1.125768e-01
2947 9.785163e-02
2948 7.993385e-02
2949 5.961136e-02
2950 3.775199e-02
2951 1.521938e-02
2952 -7.127494e-03
2953 -2.852461e-02
2954 -4.818220e-02
2955 -6.525671e-02
2956 -7.897374e-02
2957 -8.879438e-02
2958 -9.449817e-02
2959 -9.610268e-02
2960 -9.376584e-02
2961 -8.776467e-02
2962 -7.846964e-02
2963 -6.635428e-02
2964 -5.193166e-02
2965 -3.575465e-02
2966 -1.847050e-02
2967 -8.404362e-04
2968 1.631832e-02
2969 3.220705e-02
2970 4.604227e-02
2971 5.719442e-02
2972 6.530300e-02
2973 7.036445e-02
2974 7.258640e-02
2975 7.218515e-02
2976 6.928322e-02
2977 6.393790e-02
2978 5.616989e-02
2979 4.607013e-02
2980 3.390990e-02
2981 2.015528e-02
2982 5.453290e-03
2983 -9.475059e-03
2984 -2.396142e-02
2985 -3.743787e-02
2986 -4.941013e-02
2987 -5.940567e-02
2988 -6.706072e-02
2989 -7.218524e-02
2990 -7.466539e-02
2991 -7.448035e-02
2992 -7.160481e-02
2993 -6.611022e-02
2994 -5.822290e-02
2995 -4.831445e-02
2996 -3.687238e-02
2997 -2.444849e-02
2998 -1.160601e-02
2999 1.112666e-03
3000 1.322810e-02
3001 2.441623e-02
3002 3.448563e-02
3003 4.325061e-02
3004 5.041318e-02
3005 5.563944e-02
3006 5.864200e-02
3007 5.922171e-02
3008 5.724128e-02
3009 5.264331e-02
3010 4.560894e-02
3011 3.657856e-02
3012 2.617079e-02
3013 1.503350e-02
3014 3.726573e-03
3015 -7.272928e-03
3016 -1.744518e-02
3017 -2.628908e-02
3018 -3.343435e-02
3019 -3.869951e-02
3020 -4.202719e-02
3021 -4.344926e-02
3022 -4.303846e-02
3023 -4.086238e-02
3024 -3.693842e-02
3025 -3.127835e-02
3026 -2.399396e-02
3027 -1.544652e-02
3028 -6.117707e-03
3029 3.506091e-03
3030 1.290703e-02
3031 2.156434e-02
3032 2.896006e-02
3033 3.462716e-02
3034 3.827135e-02
3035 3.983349e-02
3036 3.945716e-02
3037 3.740985e-02
3038 3.392805e-02
3039 2.919984e-02
3040 2.333811e-02
3041 1.649187e-02
3042 8.944165e-03
3043 1.022449e-03
3044 -7.006757e-03
3045 -1.487221e-02
3046 -2.218742e-02
3047 -2.841960e-02
3048 -3.304378e-02
3049 -3.571125e-02
3050 -3.637950e-02
3051 -3.526034e-02
3052 -3.267224e-02
3053 -2.894022e-02
3054 -2.434010e-02
3055 -1.908374e-02
3056 -1.334417e-02
3057 -7.294086e-03
3058 -1.131383e-03
3059 4.810153e-03
3060 1.007898e-02
3061 1.422869e-02
3062 1.690364e-02
3063 1.788884e-02
3064 1.711949e-02
3065 1.472014e-02
3066 1.094079e-02
3067 6.141180e-03
3068 7.798524e-04
3069 -4.675095e-03
3070 -9.929421e-03
3071 -1.491619e-02
3072 -1.964665e-02
3073 -2.407369e-02
3074 -2.798659e-02
3075 -3.098470e-02
3076 -3.257372e-02
3077 -3.236398e-02
3078 -3.017850e-02
3079 -2.598942e-02
3080 -1.997547e-02
3081 -1.255963e-02
3082 -4.373827e-03
3083 3.942818e-03
3084 1.191234e-02
3085 1.925279e-02
3086 2.581838e-02
3087 3.156402e-02
3088 3.650125e-02
3089 4.049820e-02
3090 4.322859e-02
3091 4.429260e-02
3092 4.334093e-02
3093 4.017500e-02
3094 3.482365e-02
3095 2.748628e-02
3096 1.856461e-02
3097 8.631224e-03
3098 -1.605854e-03
3099 -1.149993e-02
3100 -2.065007e-02
3101 -2.895452e-02
3102 -3.631929e-02
3103 -4.247766e-02
3104 -4.703074e-02
3105 -4.958894e-02
3106 -4.995100e-02
3107 -4.813119e-02
3108 -4.427839e-02
3109 -3.858785e-02
3110 -3.124791e-02
3111 -2.239423e-02
3112 -1.214558e-02
3113 -7.410572e-04
3114 1.126551e-02
3115 2.308544e-02
3116 3.392399e-02
3117 4.309095e-02
3118 5.001014e-02
3119 5.429954e-02
3120 5.580833e-02
3121 5.458502e-02
3122 5.079304e-02
3123 4.460835e-02
3124 3.623087e-02
3125 2.597380e-02
3126 1.429798e-02
3127 1.746627e-03
3128 -1.111156e-02
3129 -2.370189e-02
3130 -3.546470e-02
3131 -4.588551e-02
3132 -5.451325e-02
3133 -6.095950e-02
3134 -6.488387e-02
3135 -6.598405e-02
3136 -6.404937e-02
3137 -5.908747e-02
3138 -5.128642e-02
3139 -4.100288e-02
3140 -2.867927e-02
3141 -1.484149e-02
3142 -6.876950e-05
3143 1.506374e-02
3144 2.998415e-02
3145 4.414761e-02
3146 5.701182e-02
3147 6.800393e-02
3148 7.663386e-02
3149 8.257382e-02
3150 8.558717e-02
3151 8.547249e-02
3152 8.207040e-02
3153 7.537468e-02
3154 6.562758e-02
3155 5.323674e-02
3156 3.862372e-02
3157 2.223030e-02
3158 4.614974e-03
3159 -1.356100e-02
3160 -3.165240e-02
3161 -4.905831e-02
3162 -6.518269e-02
3163 -7.945387e-02
3164 -9.128653e-02
3165 -1.001473e-01
3166 -1.055968e-01
3167 -1.073695e-01
3168 -1.053237e-01
3169 -9.945951e-02
3170 -8.984622e-02
3171 -7.663763e-02
3172 -6.019266e-02
3173 -4.107417e-02
3174 -2.008240e-02
3175 1.828528e-03
3176 2.364429e-02
3177 4.438110e-02
3178 6.318843e-02
3179 7.943301e-02
3180 9.264544e-02
3181 1.024785e-01
3182 1.086919e-01
3183 1.110856e-01
3184 1.095117e-01
3185 1.038913e-01
3186 9.427219e-02
3187 8.097875e-02
3188 6.457217e-02
3189 4.575561e-02
3190 2.524852e-02
3191 3.831964e-03
3192 -1.764901e-02
3193 -3.841256e-02
3194 -5.774332e-02
3195 -7.489145e-02
3196 -8.907843e-02
3197 -9.959618e-02
3198 -1.059028e-01
3199 -1.077870e-01
3200 -1.053450e-01
3201 -9.894503e-02
3202 -8.904683e-02
3203 -7.602096e-02
3204 -6.013968e-02
3205 -4.176087e-02
3206 -2.142179e-02
3207 1.596359e-04
3208 2.217816e-02
3209 4.367626e-02
3210 6.360292e-02
3211 8.092142e-02
3212 9.474107e-02
3213 1.044273e-01
3214 1.095607e-01
3215 1.099437e-01
3216 1.055897e-01
3217 9.672760e-02
3218 8.375240e-02
3219 6.725727e-02
3220 4.795683e-02
3221 2.672439e-02
3222 4.586002e-03
3223 -1.737443e-02
3224 -3.817781e-02
3225 -5.698908e-02
3226 -7.313698e-02
3227 -8.604406e-02
3228 -9.519980e-02
3229 -1.002346e-01
3230 -1.009191e-01
3231 -9.719169e-02
3232 -8.915944e-02
3233 -7.704041e-02
3234 -6.111175e-02
3235 -4.187400e-02
3236 -2.014485e-02
3237 2.977201e-03
3238 2.633777e-02
3239 4.884759e-02
3240 6.943806e-02
3241 8.706427e-02
3242 1.007428e-01
3243 1.096521e-01
3244 1.132522e-01
3245 1.114019e-01
3246 1.042942e-01
3247 9.230770e-02
3248 7.602683e-02
3249 5.619064e-02
3250 3.369135e-02
3251 9.473289e-03
3252 -1.548409e-02
3253 -4.016584e-02
3254 -6.353523e-02
3255 -8.451830e-02
3256 -1.020403e-01
3257 -1.151485e-01
3258 -1.231223e-01
3259 -1.254888e-01
3260 -1.220153e-01
3261 -1.128029e-01
3262 -9.830921e-02
3263 -7.923158e-02
3264 -5.647482e-02
3265 -3.108262e-02
3266 -4.200901e-03
3267 2.294529e-02
3268 4.917023e-02
3269 7.343711e-02
3270 9.475735e-02
3271 1.121670e-01
3272 1.247571e-01
3273 1.318422e-01
3274 1.330165e-01
3275 1.281322e-01
3276 1.173167e-01
3277 1.010359e-01
3278 8.014928e-02
3279 5.571211e-02
3280 2.875199e-02
3281 2.838743e-04
3282 -2.858816e-02
3283 -5.667140e-02
3284 -8.280094e-02
3285 -1.058857e-01
3286 -1.250114e-01
3287 -1.393808e-01
3288 -1.482847e-01
3289 -1.511643e-01
3290 -1.477303e-01
3291 -1.380402e-01
3292 -1.224528e-01
3293 -1.015633e-01
3294 -7.618294e-02
3295 -4.730433e-02
3296 -1.603402e-02
3297 1.645699e-02
3298 4.893295e-02
3299 8.006188e-02
3300 1.085679e-01
3301 1.333641e-01
3302 1.535904e-01
3303 1.685221e-01
3304 1.775331e-01
3305 1.800445e-01
3306 1.756614e-01
3307 1.642510e-01
3308 1.459709e-01
3309 1.213141e-01
3310 9.114573e-02
3311 5.663041e-02
3312 1.913982e-02
3313 -1.981753e-02
3314 -5.868961e-02
3315 -9.593470e-02
3316 -1.300982e-01
3317 -1.597893e-01
3318 -1.836943e-01
3319 -2.007509e-01
3320 -2.101750e-01
3321 -2.114992e-01
3322 -2.046369e-01
3323 -1.897091e-01
3324 -1.671006e-01
3325 -1.374171e-01
3326 -1.016029e-01
3327 -6.095178e-02
3328 -1.697827e-02
3329 2.870371e-02
3330 7.437654e-02
3331 1.181372e-01
3332 1.579443e-01
3333 1.918725e-01
3334 2.183350e-01
3335 2.362668e-01
3336 2.451222e-01
3337 2.447440e-01
3338 2.351768e-01
3339 2.166508e-01
3340 1.896021e-01
3341 1.547627e-01
3342 1.132398e-01
3343 6.651437e-02
3344 1.638524e-02
3345 -3.514361e-02
3346 -8.604112e-02
3347 -1.342912e-01
3348 -1.779608e-01
3349 -2.152042e-01
3350 -2.444184e-01
3351 -2.644628e-01
3352 -2.746593e-01
3353 -2.746447e-01
3354 -2.642627e-01
3355 -2.436094e-01
3356 -2.132312e-01
3357 -1.741739e-01
3358 -1.278505e-01
3359 -7.583749e-02
3360 -1.989930e-02
3361 3.793424e-02
3362 9.539323e-02
3363 1.500686e-01
3364 1.997260e-01
3365 2.424602e-01
3366 2.767095e-01
3367 3.011030e-01
3368 3.144360e-01
3369 3.158526e-01
3370 3.050513e-01
3371 2.822564e-01
3372 2.481519e-01
3373 2.037623e-01
3374 1.505073e-01
3375 9.032885e-02
3376 2.567915e-02
3377 -4.065957e-02
3378 -1.059229e-01
3379 -1.676150e-01
3380 -2.234996e-01
3381 -2.715717e-01
3382 -3.100488e-01
3383 -3.373410e-01
3384 -3.522126e-01
3385 -3.538640e-01
3386 -3.419809e-01
3387 -3.167501e-01
3388 -2.788901e-01
3389 -2.297273e-01
3390 -1.712674e-01
3391 -1.061103e-01
3392 -3.715602e-02
3393 3.265620e-02
3394 1.005748e-01
3395 1.641826e-01
3396 2.213707e-01
3397 2.702873e-01
3398 3.093352e-01
3399 3.371681e-01
3400 3.526832e-01
3401 3.551303e-01
3402 3.442592e-01
3403 3.203975e-01
3404 2.844176e-01
3405 2.377034e-01
3406 1.821667e-01
3407 1.201306e-01
3408 5.412851e-02
3409 -1.329446e-02
3410 -7.971206e-02
3411 -1.428547e-01
3412 -2.006150e-01
3413 -2.510544e-01
3414 -2.925087e-01
3415 -3.236258e-01
3416 -3.434245e-01
3417 -3.512889e-01
3418 -3.468641e-01
3419 -3.301308e-01
3420 -3.015350e-01
3421 -2.619047e-01
3422 -2.125105e-01
3423 -1.550934e-01
3424 -9.187910e-02
3425 -2.544257e-02
3426 4.158273e-02
3427 1.067405e-01
3428 1.677676e-01
3429 2.225365e-01
3430 2.690103e-01
3431 3.053876e-01
3432 3.302672e-01
3433 3.427773e-01
3434 3.425704e-01
3435 3.297435e-01
3436 3.047307e-01
3437 2.682002e-01
3438 2.211795e-01
3439 1.652342e-01
3440 1.024997e-01
3441 3.546970e-02
3442 -3.312097e-02
3443 -1.004195e-01
3444 -1.636038e-01
3445 -2.201075e-01
3446 -2.677748e-01
3447 -3.048544e-01
3448 -3.300567e-01
3449 -3.426069e-01
3450 -3.422406e-01
3451 -3.291176e-01
3452 -3.038756e-01
3453 -2.675721e-01
3454 -2.215614e-01
3455 -1.675139e-01
3456 -1.073800e-01
3457 -4.341603e-02
3458 2.191400e-02
3459 8.610087e-02
3460 1.467851e-01
3461 2.018421e-01
3462 2.493146e-01
3463 2.874335e-01
3464 3.146175e-01
3465 3.296776e-01
3466 3.319953e-01
3467 3.215098e-01
3468 2.986541e-01
3469 2.642714e-01
3470 2.197393e-01
3471 1.669626e-01
3472 1.082358e-01
3473 4.595508e-02
3474 -1.751386e-02
3475 -7.979726e-02
3476 -1.385010e-01
3477 -1.912679e-01
3478 -2.359969e-01
3479 -2.709707e-01
3480 -2.948980e-01
3481 -3.069223e-01
3482 -3.067380e-01
3483 -2.945681e-01
3484 -2.709818e-01
3485 -2.369398e-01
3486 -1.938257e-01
3487 -1.434620e-01
3488 -8.799889e-02
3489 -2.971093e-02
3490 2.918695e-02
3491 8.665229e-02
3492 1.407478e-01
3493 1.895785e-01
3494 2.313020e-01
3495 2.643517e-01
3496 2.874969e-01
3497 2.997873e-01
3498 3.005857e-01
3499 2.897226e-01
3500 2.675890e-01
3501 2.351664e-01
3502 1.939398e-01
3503 1.457214e-01
3504 9.238695e-02
3505 3.589465e-02
3506 -2.173301e-02
3507 -7.843128e-02
3508 -1.321892e-01
3509 -1.811597e-01
3510 -2.236148e-01
3511 -2.579452e-01
3512 -2.827610e-01
3513 -2.969785e-01
3514 -2.998773e-01
3515 -2.911468e-01
3516 -2.708823e-01
3517 -2.396848e-01
3518 -1.987909e-01
3519 -1.499797e-01
3520 -9.539664e-02
3521 -3.734049e-02
3522 2.181445e-02
3523 7.971939e-02
3524 1.342634e-01
3525 1.837497e-01
3526 2.267655e-01
3527 2.619633e-01
3528 2.879963e-01
3529 3.036886e-01
3530 3.082021e-01
3531 3.012064e-01
3532 2.828279e-01
3533 2.535601e-01
3534 2.142839e-01
3535 1.663182e-01
3536 1.115560e-01
3537 5.234773e-02
3538 -8.796733e-03
3539 -6.946401e-02
3540 -1.273028e-01
3541 -1.799656e-01
3542 -2.253377e-01
3543 -2.617882e-01
3544 -2.881248e-01
3545 -3.035388e-01
3546 -3.075115e-01
3547 -2.998808e-01
3548 -2.809855e-01
3549 -2.516208e-01
3550 -2.129469e-01
3551 -1.663870e-01
3552 -1.136493e-01
3553 -5.667098e-02
3554 2.454951e-03
3555 6.150476e-02
3556 1.181408e-01
3557 1.700987e-01
3558 2.152413e-01
3559 2.516480e-01
3560 2.778457e-01
3561 2.929567e-01
3562 2.966700e-01
3563 2.891362e-01
3564 2.708649e-01
3565 2.427127e-01
3566 2.058538e-01
3567 1.616962e-01
3568 1.117604e-01
3569 5.767993e-02
3570 1.174278e-03
3571 -5.580727e-02
3572 -1.110757e-01
3573 -1.623337e-01
3574 -2.074289e-01
3575 -2.444835e-01
3576 -2.719556e-01
3577 -2.888141e-01
3578 -2.945716e-01
3579 -2.892949e-01
3580 -2.734295e-01
3581 -2.476026e-01
3582 -2.126155e-01
3583 -1.696002e-01
3584 -1.201257e-01
3585 -6.609355e-02
3586 -9.584113e-03
3587 4.732838e-02
3588 1.026168e-01
3589 1.543338e-01
3590 2.005674e-01
3591 2.395559e-01
3592 2.697473e-01
3593 2.898520e-01
3594 2.988594e-01
3595 2.961625e-01
3596 2.817360e-01
3597 2.561339e-01
3598 2.203290e-01
3599 1.756971e-01
3600 1.240298e-01
3601 6.760770e-02
3602 8.997933e-03
3603 -4.926664e-02
3604 -1.049818e-01
3605 -1.561032e-01
3606 -2.006340e-01
3607 -2.368357e-01
3608 -2.633922e-01
3609 -2.793326e-01
3610 -2.840658e-01
3611 -2.774731e-01
3612 -2.599901e-01
3613 -2.325334e-01
3614 -1.963452e-01
3615 -1.528041e-01
3616 -1.034553e-01
3617 -5.014847e-02
3618 4.920303e-03
3619 5.940785e-02
3620 1.111795e-01
3621 1.582475e-01
3622 1.988054e-01
3623 2.313054e-01
3624 2.545798e-01
3625 2.679072e-01
3626 2.709949e-01
3627 2.638930e-01
3628 2.469166e-01
3629 2.207799e-01
3630 1.865362e-01
3631 1.454915e-01
3632 9.910355e-02
3633 4.901953e-02
3634 -2.965114e-03
3635 -5.477805e-02
3636 -1.041395e-01
3637 -1.488964e-01
3638 -1.872541e-01
3639 -2.178175e-01
3640 -2.396266e-01
3641 -2.520780e-01
3642 -2.548057e-01
3643 -2.477293e-01
3644 -2.311683e-01
3645 -2.059020e-01
3646 -1.729965e-01
3647 -1.337209e-01
3648 -8.951336e-02
3649 -4.201324e-02
3650 7.034071e-03
3651 5.586921e-02
3652 1.026033e-01
3653 1.453398e-01
3654 1.822859e-01
3655 2.120471e-01
3656 2.336838e-01
3657 2.465251e-01
3658 2.500741e-01
3659 2.440995e-01
3660 2.287140e-01
3661 2.044783e-01
3662 1.723022e-01
3663 1.334437e-01
3664 8.941014e-02
3665 4.195489e-02
3666 -7.009317e-03
3667 -5.558228e-02
3668 -1.020322e-01
3669 -1.447572e-01
3670 -1.822769e-01
3671 -2.132223e-01
3672 -2.363925e-01
3673 -2.508849e-01
3674 -2.560802e-01
3675 -2.516596e-01
3676 -2.376882e-01
3677 -2.146093e-01
3678 -1.833048e-01
3679 -1.449350e-01
3680 -1.008828e-01
3681 -5.279998e-02
3682 -2.542407e-03
3683 4.799471e-02
3684 9.699560e-02
3685 1.426875e-01
3686 1.834001e-01
3687 2.176870e-01
3688 2.443006e-01
3689 2.621640e-01
3690 2.704849e-01
3691 2.688276e-01
3692 2.571904e-01
3693 2.360101e-01
3694 2.061594e-01
3695 1.688325e-01
3696 1.255041e-01
3697 7.777950e-02
3698 2.724372e-02
3699 -2.456220e-02
3700 -7.611444e-02
3701 -1.257751e-01
3702 -1.716798e-01
3703 -2.118297e-01
3704 -2.443679e-01
3705 -2.677467e-01
3706 -2.808236e-01
3707 -2.829518e-01
3708 -2.740674e-01
3709 -2.547163e-01
3710 -2.259020e-01
3711 -1.888724e-01
3712 -1.450595e-01
3713 -9.608490e-02
3714 -4.370418e-02
3715 1.020814e-02
3716 6.366086e-02
3717 1.145551e-01
3718 1.608964e-01
3719 2.009788e-01
3720 2.334656e-01
3721 2.573206e-01
3722 2.717342e-01
3723 2.761364e-01
3724 2.703515e-01
3725 2.545665e-01
3726 2.292769e-01
3727 1.952877e-01
3728 1.536598e-01
3729 1.058742e-01
3730 5.383331e-02
3731 -2.795556e-04
3732 -5.416614e-02
3733 -1.055257e-01
3734 -1.523108e-01
3735 -1.928976e-01
3736 -2.260153e-01
3737 -2.506292e-01
3738 -2.659613e-01
3739 -2.715366e-01
3740 -2.672986e-01
3741 -2.535924e-01
3742 -2.310007e-01
3743 -2.002460e-01
3744 -1.623213e-01
3745 -1.184898e-01
3746 -7.028714e-02
3747 -1.949055e-02
3748 3.201576e-02
3749 8.233833e-02
3750 1.295374e-01
3751 1.716706e-01
3752 2.069822e-01
3753 2.340845e-01
3754 2.521304e-01
3755 2.607069e-01
3756 2.597140e-01
3757 2.493003e-01
3758 2.298560e-01
3759 2.020789e-01
3760 1.669252e-01
3761 1.254790e-01
3762 7.904360e-02
3763 2.916147e-02
3764 -2.236222e-02
3765 -7.351248e-02
3766 -1.220335e-01
3767 -1.656800e-01
3768 -2.025588e-01
3769 -2.313727e-01
3770 -2.513402e-01
3771 -2.619744e-01
3772 -2.629846e-01
3773 -2.542542e-01
3774 -2.359725e-01
3775 -2.087012e-01
3776 -1.734381e-01
3777 -1.315134e-01
3778 -8.449127e-02
3779 -3.403562e-02
3780 1.811311e-02
3781 7.009273e-02
3782 1.198049e-01
3783 1.651088e-01
3784 2.041823e-01
3785 2.356049e-01
3786 2.583290e-01
3787 2.716529e-01
3788 2.752096e-01
3789 2.689566e-01
3790 2.530781e-01
3791 2.279594e-01
3792 1.942914e-01
3793 1.531810e-01
3794 1.060553e-01
3795 5.459428e-02
3796 7.413491e-04
3797 -5.337345e-02
3798 -1.055839e-01
3799 -1.538483e-01
3800 -1.964444e-01
3801 -2.320210e-01
3802 -2.594415e-01
3803 -2.776579e-01
3804 -2.858084e-01
3805 -2.834040e-01
3806 -2.704239e-01
3807 -2.473492e-01
3808 -2.150804e-01
3809 -1.749451e-01
3810 -1.287218e-01
3811 -7.848367e-02
3812 -2.628482e-02
3813 2.611224e-02
3814 7.718825e-02
3815 1.254698e-01
3816 1.693122e-01
3817 2.070546e-01
3818 2.372143e-01
3819 2.586332e-01
3820 2.705331e-01
3821 2.725099e-01
3822 2.645265e-01
3823 2.469147e-01
3824 2.203617e-01
3825 1.859346e-01
3826 1.450397e-01
3827 9.931390e-02
3828 5.048001e-02
3829 3.113480e-04
3830 -4.943760e-02
3831 -9.709017e-02
3832 -1.409631e-01
3833 -1.793987e-01
3834 -2.108091e-01
3835 -2.338633e-01
3836 -2.476490e-01
3837 -2.516844e-01
3838 -2.457976e-01
3839 -2.301103e-01
3840 -2.052228e-01
3841 -1.722562e-01
3842 -1.327453e-01
3843 -8.835617e-02
3844 -4.080936e-02
3845 8.003561e-03
3846 5.600786e-02
3847 1.012065e-01
3848 1.420637e-01
3849 1.776035e-01
3850 2.069835e-01
3851 2.292684e-01
3852 2.435038e-01
3853 2.489529e-01
3854 2.452212e-01
3855 2.322217e-01
3856 2.101580e-01
3857 1.795005e-01
3858 1.411246e-01
3859 9.658543e-02
3860 4.814275e-02
3861 -1.632121e-03
3862 -5.021187e-02
3863 -9.542366e-02
3864 -1.355456e-01
3865 -1.693740e-01
3866 -1.960268e-01
3867 -2.148258e-01
3868 -2.253099e-01
3869 -2.272767e-01
3870 -2.207904e-01
3871 -2.061620e-01
3872 -1.839156e-01
3873 -1.547746e-01
3874 -1.197758e-01
3875 -8.028272e-02
3876 -3.790907e-02
3877 5.715791e-03
3878 4.901917e-02
3879 9.043009e-02
3880 1.282988e-01
3881 1.610084e-01
3882 1.872025e-01
3883 2.059209e-01
3884 2.167109e-01
3885 2.195833e-01
3886 2.148856e-01
3887 2.030775e-01
3888 1.847370e-01
3889 1.604909e-01
3890 1.310153e-01
3891 9.707987e-02
3892 5.961514e-02
3893 1.975472e-02
3894 -2.116453e-02
3895 -6.166465e-02
3896 -1.001976e-01
3897 -1.351568e-01
3898 -1.649913e-01
3899 -1.885046e-01
3900 -2.049787e-01
3901 -2.141830e-01
3902 -2.162056e-01
3903 -2.111116e-01
3904 -1.989072e-01
3905 -1.797083e-01
3906 -1.539080e-01
3907 -1.222278e-01
3908 -8.573639e-02
3909 -4.586467e-02
3910 -4.310176e-03
3911 3.715239e-02
3912 7.686198e-02
3913 1.134292e-01
3914 1.458241e-01
3915 1.732586e-01
3916 1.949958e-01
3917 2.102740e-01
3918 2.183711e-01
3919 2.187536e-01
3920 2.111113e-01
3921 1.954356e-01
3922 1.721600e-01
3923 1.421431e-01
3924 1.066808e-01
3925 6.728258e-02
3926 2.562014e-02
3927 -1.655991e-02
3928 -5.754607e-02
3929 -9.576031e-02
3930 -1.298059e-01
3931 -1.584974e-01
3932 -1.809148e-01
3933 -1.963118e-01
3934 -2.041266e-01
3935 -2.040128e-01
3936 -1.959340e-01
3937 -1.803256e-01
3938 -1.580320e-01
3939 -1.302111e-01
3940 -9.820385e-02
3941 -6.336418e-02
3942 -2.697223e-02
3943 9.789354e-03
3944 4.572662e-02
3945 7.959330e-02
3946 1.100823e-01
3947 1.360285e-01
3948 1.564762e-01
3949 1.706311e-01
3950 1.778715e-01
3951 1.778168e-01
3952 1.703433e-01
3953 1.557070e-01
3954 1.345722e-01
3955 1.080845e-01
3956 7.754574e-02
3957 4.426446e-02
3958 9.419826e-03
3959 -2.591996e-02
3960 -6.055610e-02
3961 -9.314828e-02
3962 -1.222803e-01
3963 -1.467693e-01
3964 -1.657459e-01
3965 -1.786697e-01
3966 -1.851830e-01
3967 -1.851692e-01
3968 -1.786997e-01
3969 -1.660005e-01
3970 -1.474897e-01
3971 -1.237874e-01
3972 -9.568262e-02
3973 -6.413566e-02
3974 -3.034121e-02
3975 4.309503e-03
3976 3.847041e-02
3977 7.100708e-02
3978 1.009506e-01
3979 1.273447e-01
3980 1.492290e-01
3981 1.657696e-01
3982 1.763005e-01
3983 1.803552e-01
3984 1.776950e-01
3985 1.683645e-01
3986 1.527668e-01
3987 1.316582e-01
3988 1.060507e-01
3989 7.705190e-02
3990 4.589928e-02
3991 1.381885e-02
3992 -1.792069e-02
3993 -4.816890e-02
3994 -7.592735e-02
3995 -1.002833e-01
3996 -1.203553e-01
3997 -1.353840e-01
3998 -1.447990e-01
3999 -1.482777e-01
4000 -1.457786e-01
4001 -1.375277e-01
4002 -1.240025e-01
4003 -1.059596e-01
4004 -8.438739e-02
4005 -6.039446e-02
4006 -3.508251e-02
4007 -9.473414e-03
4008 1.561308e-02
4009 3.945465e-02
4010 6.141641e-02
4011 8.073386e-02
4012 9.653081e-02
4013 1.079967e-01
4014 1.146931e-01
4015 1.165476e-01
4016 1.138227e-01
4017 1.070569e-01
4018 9.681871e-02
4019 8.350795e-02
4020 6.742663e-02
4021 4.888590e-02
4022 2.825215e-02
4023 6.107614e-03
4024 -1.666978e-02
4025 -3.903559e-02
4026 -5.994721e-02
4027 -7.838319e-02
4028 -9.348299e-02
4029 -1.046108e-01
4030 -1.114718e-01
4031 -1.140516e-01
4032 -1.125546e-01
4033 -1.072639e-01
4034 -9.851613e-02
4035 -8.668459e-02
4036 -7.216665e-02
4037 -5.532562e-02
4038 -3.658443e-02
4039 -1.664239e-02
4040 3.588430e-03
4041 2.319393e-02
4042 4.140529e-02
4043 5.760951e-02
4044 7.134107e-02
4045 8.228127e-02
4046 9.025523e-02
4047 9.522102e-02
4048 9.717790e-02
4049 9.613237e-02
4050 9.209832e-02
4051 8.511401e-02
4052 7.522508e-02
4053 6.253577e-02
4054 4.739948e-02
4055 3.040593e-02
4056 1.235181e-02
4057 -5.947989e-03
4058 -2.378827e-02
4059 -4.050618e-02
4060 -5.551339e-02
4061 -6.828466e-02
4062 -7.842383e-02
4063 -8.575715e-02
4064 -9.027462e-02
4065 -9.198110e-02
4066 -9.083866e-02
4067 -8.661748e-02
4068 -7.901714e-02
4069 -6.790835e-02
4070 -5.351021e-02
4071 -3.649410e-02
4072 -1.775047e-02
4073 1.832280e-03
4074 2.151430e-02
4075 4.051028e-02
4076 5.794030e-02
4077 7.305086e-02
4078 8.538973e-02
4079 9.481834e-02
4080 1.012280e-01
4081 1.043042e-01
4082 1.036261e-01
4083 9.886115e-02
4084 8.996884e-02
4085 7.715166e-02
4086 6.075434e-02
4087 4.130996e-02
4088 1.962661e-02
4089 -3.320422e-03
4090 -2.656593e-02
4091 -4.909763e-02
4092 -7.001292e-02
4093 -8.856440e-02
4094 -1.041527e-01
4095 -1.162519e-01
4096 -1.243589e-01
4097 -1.280257e-01
4098 -1.269878e-01
4099 -1.213074e-01
4100 -1.113157e-01
4101 -9.747325e-02
4102 -8.030127e-02
4103 -6.037407e-02
4104 -3.837092e-02
4105 -1.515367e-02
4106 8.246637e-03
4107 3.092882e-02
4108 5.220922e-02
4109 7.151969e-02
4110 8.828652e-02
4111 1.018221e-01
4112 1.114044e-01
4113 1.164577e-01
4114 1.167349e-01
4115 1.123078e-01
4116 1.034872e-01
4117 9.068088e-02
4118 7.435464e-02
4119 5.520559e-02
4120 3.425712e-02
4121 1.269809e-02
4122 -8.494020e-03
4123 -2.865584e-02
4124 -4.730093e-02
4125 -6.396232e-02
4126 -7.809249e-02
4127 -8.911177e-02
4128 -9.645229e-02
4129 -9.967925e-02
4130 -9.859023e-02
4131 -9.311474e-02
4132 -8.340794e-02
4133 -6.997694e-02
4134 -5.376314e-02
4135 -3.595932e-02
4136 -1.759741e-02
4137 6.096550e-04
4138 1.824801e-02
4139 3.496801e-02
4140 5.040599e-02
4141 6.416237e-02
4142 7.575218e-02
4143 8.455995e-02
4144 9.003944e-02
4145 9.174260e-02
4146 8.943106e-02
4147 8.309910e-02
4148 7.314933e-02
4149 6.021207e-02
4150 4.500288e-02
4151 2.813361e-02
4152 1.012400e-02
4153 -8.507548e-03
4154 -2.721405e-02
4155 -4.534067e-02
4156 -6.213988e-02
4157 -7.674258e-02
4158 -8.833961e-02
4159 -9.617819e-02
4160 -9.977733e-02
4161 -9.906691e-02
4162 -9.442912e-02
4163 -8.650907e-02
4164 -7.599900e-02
4165 -6.340495e-02
4166 -4.908574e-02
4167 -3.323950e-02
4168 -1.601925e-02
4169 2.248930e-03
4170 2.097678e-02
4171 3.951315e-02
4172 5.723944e-02
4173 7.349958e-02
4174 8.756142e-02
4175 9.861035e-02
4176 1.058954e-01
4177 1.088339e-01
4178 1.072552e-01
4179 1.014755e-01
4180 9.207539e-02
4181 7.968023e-02
4182 6.492378e-02
4183 4.837497e-02
4184 3.056118e-02
4185 1.198998e-02
4186 -6.894356e-03
4187 -2.571450e-02
4188 -4.404341e-02
4189 -6.123840e-02
4190 -7.649797e-02
4191 -8.898025e-02
4192 -9.795271e-02
4193 -1.028808e-01
4194 -1.035134e-01
4195 -9.975086e-02
4196 -9.172473e-02
4197 -7.980690e-02
4198 -6.464825e-02
4199 -4.704869e-02
4200 -2.778668e-02
4201 -7.596846e-03
4202 1.277414e-02
4203 3.251187e-02
4204 5.082671e-02
4205 6.706423e-02
4206 8.071928e-02
4207 9.140067e-02
4208 9.892256e-02
4209 1.031885e-01
4210 1.040709e-01
4211 1.014702e-01
4212 9.536843e-02
4213 8.591090e-02
4214 7.341765e-02
4215 5.829776e-02
4216 4.091386e-02
4217 2.164984e-02
4218 1.126257e-03
4219 -1.977169e-02
4220 -4.009997e-02
4221 -5.884479e-02
4222 -7.500356e-02
4223 -8.776442e-02
4224 -9.667512e-02
4225 -1.016063e-01
4226 -1.026137e-01
4227 -9.976703e-02
4228 -9.316472e-02
4229 -8.312030e-02
4230 -7.009132e-02
4231 -5.449303e-02
4232 -3.675065e-02
4233 -1.737380e-02
4234 3.052153e-03
4235 2.384915e-02
4236 4.401974e-02
4237 6.256522e-02
4238 7.859584e-02
4239 9.148992e-02
4240 1.008661e-01
4241 1.065635e-01
4242 1.084699e-01
4243 1.062763e-01
4244 9.974628e-02
4245 8.893914e-02
4246 7.423234e-02
4247 5.609336e-02
4248 3.508765e-02
4249 1.190962e-02
4250 -1.241222e-02
4251 -3.661805e-02
4252 -5.934494e-02
4253 -7.933772e-02
4254 -9.559655e-02
4255 -1.074604e-01
4256 -1.146507e-01
4257 -1.171714e-01
4258 -1.152610e-01
4259 -1.092318e-01
4260 -9.934900e-02
4261 -8.593226e-02
4262 -6.945706e-02
4263 -5.054363e-02
4264 -2.998164e-02
4265 -8.616876e-03
4266 1.267872e-02
4267 3.309736e-02
4268 5.188572e-02
4269 6.831593e-02
4270 8.181158e-02
4271 9.198636e-02
4272 9.851038e-02
4273 1.011495e-01
4274 9.982916e-02
4275 9.466053e-02
4276 8.591191e-02
4277 7.394892e-02
4278 5.923962e-02
4279 4.228165e-02
4280 2.351021e-02
4281 3.484777e-03
4282 -1.708352e-02
4283 -3.740901e-02
4284 -5.674645e-02
4285 -7.444029e-02
4286 -8.997779e-02
4287 -1.029889e-01
4288 -1.131818e-01
4289 -1.202941e-01
4290 -1.239134e-01
4291 -1.235395e-01
4292 -1.187094e-01
4293 -1.091962e-01
4294 -9.512633e-02
4295 -7.702057e-02
4296 -5.556797e-02
4297 -3.152075e-02
4298 -5.770308e-03
4299 2.069308e-02
4300 4.682622e-02
4301 7.166856e-02
4302 9.430752e-02
4303 1.139361e-01
4304 1.297794e-01
4305 1.411279e-01
4306 1.473073e-01
4307 1.478551e-01
4308 1.426426e-01
4309 1.319428e-01
4310 1.163525e-01
4311 9.654818e-02
4312 7.328643e-02
4313 4.733932e-02
4314 1.964147e-02
4315 -8.560299e-03
4316 -3.592408e-02
4317 -6.128222e-02
4318 -8.378189e-02
4319 -1.028342e-01
4320 -1.178390e-01
4321 -1.280408e-01
4322 -1.327086e-01
4323 -1.315138e-01
4324 -1.246063e-01
4325 -1.123890e-01
4326 -9.533580e-02
4327 -7.410640e-02
4328 -4.969573e-02
4329 -2.343679e-02
4330 3.035893e-03
4331 2.812603e-02
4332 5.049239e-02
4333 6.925491e-02
4334 8.390245e-02
4335 9.419922e-02
4336 1.002066e-01
4337 1.022213e-01
4338 1.006800e-01
4339 9.590355e-02
4340 8.798103e-02
4341 7.697673e-02
4342 6.294274e-02
4343 4.612021e-02
4344 2.700523e-02
4345 6.396244e-03
4346 -1.488259e-02
4347 -3.591851e-02
4348 -5.578903e-02
4349 -7.354933e-02
4350 -8.822322e-02
4351 -9.910614e-02
4352 -1.057627e-01
4353 -1.080820e-01
4354 -1.061657e-01
4355 -1.002879e-01
4356 -9.078702e-02
4357 -7.815959e-02
4358 -6.298972e-02
4359 -4.582191e-02
4360 -2.707623e-02
4361 -6.975938e-03
4362 1.416109e-02
4363 3.564691e-02
4364 5.643043e-02
4365 7.541310e-02
4366 9.177291e-02
4367 1.050401e-01
4368 1.148298e-01
4369 1.207849e-01
4370 1.226345e-01
4371 1.203458e-01
4372 1.140222e-01
4373 1.039360e-01
4374 9.048815e-02
4375 7.412248e-02
4376 5.516953e-02
4377 3.405312e-02
4378 1.151988e-02
4379 -1.159904e-02
4380 -3.440234e-02
4381 -5.603836e-02
4382 -7.569229e-02
4383 -9.256935e-02
4384 -1.059373e-01
4385 -1.152438e-01
4386 -1.202265e-01
4387 -1.209659e-01
4388 -1.176823e-01
4389 -1.105660e-01
4390 -9.964495e-02
4391 -8.500581e-02
4392 -6.689449e-02
4393 -4.588683e-02
4394 -2.293468e-02
4395 8.816350e-04
4396 2.460009e-02
4397 4.727780e-02
4398 6.787803e-02
4399 8.554021e-02
4400 9.971960e-02
4401 1.101395e-01
4402 1.167950e-01
4403 1.198038e-01
4404 1.191598e-01
4405 1.148775e-01
4406 1.069515e-01
4407 9.556820e-02
4408 8.095299e-02
4409 6.338477e-02
4410 4.313664e-02
4411 2.082819e-02
4412 -2.614520e-03
4413 -2.599214e-02
4414 -4.808848e-02
4415 -6.774747e-02
4416 -8.401086e-02
4417 -9.631428e-02
4418 -1.043618e-01
4419 -1.079256e-01
4420 -1.069254e-01
4421 -1.014462e-01
4422 -9.198653e-02
4423 -7.935744e-02
4424 -6.437102e-02
4425 -4.759963e-02
4426 -2.949173e-02
4427 -1.059405e-02
4428 8.512603e-03
4429 2.722814e-02
4430 4.493298e-02
4431 6.100132e-02
4432 7.476569e-02
4433 8.560531e-02
4434 9.305649e-02
4435 9.672680e-02
4436 9.629630e-02
4437 9.161075e-02
4438 8.281008e-02
4439 7.050118e-02
4440 5.559867e-02
4441 3.927733e-02
4442 2.263620e-02
4443 6.425651e-03
4444 -9.088510e-03
4445 -2.388593e-02
4446 -3.786770e-02
4447 -5.068260e-02
4448 -6.178854e-02
4449 -7.074036e-02
4450 -7.711441e-02
4451 -8.037027e-02
4452 -7.992436e-02
4453 -7.542989e-02
4454 -6.687922e-02
4455 -5.453697e-02
4456 -3.897995e-02
4457 -2.100966e-02
4458 -1.645746e-03
4459 1.796942e-02
4460 3.683293e-02
4461 5.398138e-02
4462 6.856502e-02
4463 7.987933e-02
4464 8.759200e-02
4465 9.162146e-02
4466 9.196768e-02
4467 8.865067e-02
4468 8.173162e-02
4469 7.140686e-02
4470 5.801435e-02
4471 4.188991e-02
4472 2.328940e-02
4473 2.708783e-03
4474 -1.891338e-02
4475 -4.010614e-02
4476 -5.936663e-02
4477 -7.556215e-02
4478 -8.803132e-02
4479 -9.652584e-02
4480 -1.010697e-01
4481 -1.017233e-01
4482 -9.869314e-02
4483 -9.231218e-02
4484 -8.302247e-02
4485 -7.126994e-02
4486 -5.735089e-02
4487 -4.160916e-02
4488 -2.460798e-02
4489 -7.064687e-03
4490 1.029806e-02
4491 2.686095e-02
4492 4.214489e-02
4493 5.577225e-02
4494 6.734006e-02
4495 7.651970e-02
4496 8.325777e-02
4497 8.769036e-02
4498 9.006600e-02
4499 9.058250e-02
4500 8.933617e-02
4501 8.620115e-02
4502 8.105515e-02
4503 7.391515e-02
4504 6.493384e-02
4505 5.433084e-02
4506 4.238208e-02
4507 2.955204e-02
4508 1.648503e-02
4509 3.718961e-03
4510 -8.340222e-03
4511 -1.943486e-02
4512 -2.937670e-02
4513 -3.796858e-02
4514 -4.506479e-02
4515 -5.055485e-02
4516 -5.446010e-02
4517 -5.675839e-02
4518 -5.747610e-02
4519 -5.665750e-02
4520 -5.425374e-02
4521 -4.999320e-02
4522 -4.357571e-02
4523 -3.488831e-02
4524 -2.415346e-02
4525 -1.187741e-02
4526 1.229241e-03
4527 1.413132e-02
4528 2.572418e-02
4529 3.529472e-02
4530 4.257377e-02
4531 4.762051e-02
4532 5.081819e-02
4533 5.267749e-02
4534 5.351523e-02
4535 5.323133e-02
4536 5.124218e-02
4537 4.686580e-02
4538 3.971670e-02
4539 3.000304e-02
4540 1.834021e-02
4541 5.516581e-03
4542 -7.759196e-03
4543 -2.088527e-02
4544 -3.322698e-02
4545 -4.399072e-02
4546 -5.232157e-02
4547 -5.766750e-02
4548 -5.990571e-02
4549 -5.898434e-02
4550 -5.487111e-02
4551 -4.760222e-02
4552 -3.751912e-02
4553 -2.535584e-02
4554 -1.221303e-02
4555 8.173017e-04
4556 1.305402e-02
4557 2.437235e-02
4558 3.494252e-02
4559 4.493869e-02
4560 5.425157e-02
4561 6.255244e-02
4562 6.941590e-02
4563 7.430401e-02
4564 7.669157e-02
4565 7.612813e-02
4566 7.229675e-02
4567 6.512290e-02
4568 5.485131e-02
4569 4.180819e-02
4570 2.648422e-02
4571 9.334664e-03
4572 -9.001025e-03
4573 -2.761360e-02
4574 -4.547735e-02
4575 -6.166679e-02
4576 -7.542471e-02
4577 -8.623479e-02
4578 -9.392040e-02
4579 -9.847811e-02
4580 -9.980168e-02
4581 -9.761791e-02
4582 -9.157012e-02
4583 -8.138726e-02
4584 -6.698618e-02
4585 -4.835311e-02
4586 -2.571967e-02
4587 2.442357e-04
4588 2.830039e-02
4589 5.683867e-02
4590 8.410454e-02
4591 1.083704e-01
4592 1.280747e-01
4593 1.418914e-01
4594 1.487908e-01
4595 1.482710e-01
4596 1.406619e-01
4597 1.267821e-01
4598 1.078773e-01
4599 8.550360e-02
4600 6.110539e-02
4601 3.570591e-02
4602 9.650372e-03
4603 -1.701583e-02
4604 -4.400847e-02
4605 -7.067191e-02
4606 -9.601646e-02
4607 -1.190299e-01
4608 -1.386061e-01
4609 -1.536638e-01
4610 -1.634598e-01
4611 -1.678335e-01
4612 -1.668615e-01
4613 -1.607072e-01
4614 -1.497188e-01
4615 -1.345404e-01
4616 -1.158465e-01
4617 -9.416704e-02
4618 -6.991092e-02
4619 -4.354471e-02
4620 -1.570456e-02
4621 1.293617e-02
4622 4.164863e-02
4623 6.954888e-02
4624 9.562238e-02
4625 1.189924e-01
4626 1.389483e-01
4627 1.547750e-01
4628 1.656897e-01
4629 1.711534e-01
4630 1.709414e-01
4631 1.652286e-01
4632 1.544628e-01
4633 1.391860e-01
4634 1.197848e-01
4635 9.665492e-02
4636 7.037569e-02
4637 4.153196e-02
4638 1.090436e-02
4639 -2.042709e-02
4640 -5.117009e-02
4641 -8.002389e-02
4642 -1.057911e-01
4643 -1.275754e-01
4644 -1.446721e-01
4645 -1.564162e-01
4646 -1.625542e-01
4647 -1.630055e-01
4648 -1.578297e-01
4649 -1.470584e-01
4650 -1.307389e-01
4651 -1.092122e-01
4652 -8.325388e-02
4653 -5.389729e-02
4654 -2.239204e-02
4655 9.954981e-03
4656 4.181969e-02
4657 7.195489e-02
4658 9.950589e-02
4659 1.237218e-01
4660 1.436927e-01
4661 1.583922e-01
4662 1.669391e-01
4663 1.689139e-01
4664 1.642642e-01
4665 1.533101e-01
4666 1.364792e-01
4667 1.142673e-01
4668 8.718120e-02
4669 5.587000e-02
4670 2.154976e-02
4671 -1.406305e-02
4672 -4.908092e-02
4673 -8.197943e-02
4674 -1.117417e-01
4675 -1.375943e-01
4676 -1.586914e-01
4677 -1.743276e-01
4678 -1.839448e-01
4679 -1.872615e-01
4680 -1.839633e-01
4681 -1.739339e-01
4682 -1.572689e-01
4683 -1.342693e-01
4684 -1.054420e-01
4685 -7.168378e-02
4686 -3.437440e-02
4687 4.822851e-03
4688 4.427810e-02
4689 8.252914e-02
4690 1.182628e-01
4691 1.504708e-01
4692 1.782210e-01
4693 2.006917e-01
4694 2.170614e-01
4695 2.265862e-01
4696 2.287382e-01
4697 2.231849e-01
4698 2.098795e-01
4699 1.891964e-01
4700 1.619486e-01
4701 1.290782e-01
4702 9.149108e-02
4703 5.017378e-02
4704 6.676870e-03
4705 -3.693834e-02
4706 -7.837860e-02
4707 -1.155066e-01
4708 -1.468086e-01
4709 -1.715751e-01
4710 -1.896853e-01
4711 -2.014613e-01
4712 -2.073688e-01
4713 -2.076686e-01
4714 -2.023923e-01
4715 -1.914720e-01
4716 -1.746474e-01
4717 -1.518683e-01
4718 -1.235518e-01
4719 -9.065296e-02
4720 -5.467507e-02
4721 -1.736340e-02
4722 1.958716e-02
4723 5.453832e-02
4724 8.630170e-02
4725 1.142471e-01
4726 1.382596e-01
4727 1.586051e-01
4728 1.755209e-01
4729 1.889674e-01
4730 1.984826e-01
4731 2.032585e-01
4732 2.022639e-01
4733 1.944557e-01
4734 1.790290e-01
4735 1.557004e-01
4736 1.249000e-01
4737 8.770988e-02
4738 4.590560e-02
4739 1.901062e-03
4740 -4.171041e-02
4741 -8.283432e-02
4742 -1.200384e-01
4743 -1.523860e-01
4744 -1.791257e-01
4745 -1.995349e-01
4746 -2.129706e-01
4747 -2.187828e-01
4748 -2.165099e-01
4749 -2.062504e-01
4750 -1.884792e-01
4751 -1.640722e-01
4752 -1.339831e-01
4753 -9.899113e-02
4754 -5.999414e-02
4755 -1.834905e-02
4756 2.424618e-02
4757 6.595353e-02
4758 1.051333e-01
4759 1.403729e-01
4760 1.704692e-01
4761 1.943343e-01
4762 2.109892e-01
4763 2.196360e-01
4764 2.199040e-01
4765 2.116970e-01
4766 1.955025e-01
4767 1.722114e-01
4768 1.427923e-01
4769 1.082165e-01
4770 6.931839e-02
4771 2.720434e-02
4772 -1.683746e-02
4773 -6.126324e-02
4774 -1.043189e-01
4775 -1.442068e-01
4776 -1.791060e-01
4777 -2.076703e-01
4778 -2.285575e-01
4779 -2.403729e-01
4780 -2.418517e-01
4781 -2.323127e-01
4782 -2.122507e-01
4783 -1.832115e-01
4784 -1.472928e-01
4785 -1.070607e-01
4786 -6.493805e-02
4787 -2.269503e-02
4788 1.855918e-02
4789 5.794404e-02
4790 9.449688e-02
4791 1.270019e-01
4792 1.539610e-01
4793 1.739025e-01
4794 1.856706e-01
4795 1.885136e-01
4796 1.821567e-01
4797 1.673109e-01
4798 1.455190e-01
4799 1.189477e-01
4800 8.976959e-02
4801 5.981092e-02
4802 3.056466e-02
4803 2.933451e-03
4804 -2.278644e-02
4805 -4.667865e-02
4806 -6.874451e-02
4807 -8.838961e-02
4808 -1.048791e-01
4809 -1.175358e-01
4810 -1.258362e-01
4811 -1.294521e-01
4812 -1.281921e-01
4813 -1.221485e-01
4814 -1.117775e-01
4815 -9.791374e-02
4816 -8.129400e-02
4817 -6.259917e-02
4818 -4.249552e-02
4819 -2.137257e-02
4820 5.886752e-04
4821 2.328992e-02
4822 4.617511e-02
4823 6.858196e-02
4824 8.952187e-02
4825 1.077226e-01
4826 1.221013e-01
4827 1.318148e-01
4828 1.367194e-01
4829 1.369538e-01
4830 1.330487e-01
4831 1.251750e-01
4832 1.135942e-01
4833 9.861186e-02
4834 8.042617e-02
4835 5.927479e-02
4836 3.516582e-02
4837 8.402734e-03
4838 -1.994793e-02
4839 -4.840945e-02
4840 -7.527816e-02
4841 -9.951968e-02
4842 -1.208618e-01
4843 -1.393239e-01
4844 -1.546192e-01
4845 -1.660874e-01
4846 -1.730599e-01
4847 -1.750435e-01
4848 -1.718058e-01
4849 -1.629558e-01
4850 -1.483553e-01
4851 -1.283963e-01
4852 -1.039406e-01
4853 -7.623074e-02
4854 -4.638472e-02
4855 -1.564175e-02
4856 1.483722e-02
4857 4.399843e-02
4858 7.131185e-02
4859 9.654034e-02
4860 1.194063e-01
4861 1.394441e-01
4862 1.555636e-01
4863 1.666144e-01
4864 1.715838e-01
4865 1.695705e-01
4866 1.596307e-01
4867 1.417706e-01
4868 1.172178e-01
4869 8.812024e-02
4870 5.669851e-02
4871 2.497531e-02
4872 -5.080487e-03
4873 -3.185009e-02
4874 -5.449549e-02
4875 -7.288769e-02
4876 -8.737612e-02
4877 -9.830059e-02
4878 -1.056865e-01
4879 -1.089125e-01
4880 -1.068980e-01
4881 -9.859638e-02
4882 -8.331963e-02
4883 -6.125018e-02
4884 -3.329564e-02
4885 -1.417620e-03
4886 3.158867e-02
4887 6.308832e-02
4888 9.079912e-02
4889 1.133317e-01
4890 1.302484e-01
4891 1.413334e-01
4892 1.466404e-01
4893 1.458580e-01
4894 1.385908e-01
4895 1.246125e-01
4896 1.044222e-01
4897 7.857694e-02
4898 4.796044e-02
4899 1.381050e-02
4900 -2.221284e-02
4901 -5.763623e-02
4902 -9.034823e-02
4903 -1.186647e-01
4904 -1.412484e-01
4905 -1.577070e-01
4906 -1.682829e-01
4907 -1.736759e-01
4908 -1.743861e-01
4909 -1.702433e-01
4910 -1.608329e-01
4911 -1.459673e-01
4912 -1.263365e-01
4913 -1.030596e-01
4914 -7.776574e-02
4915 -5.266173e-02
4916 -3.039740e-02
4917 -1.352069e-02
4918 -3.453472e-03
4919 -3.336723e-04
4920 -3.197432e-03
4921 -1.025601e-02
4922 -1.938012e-02
4923 -2.798361e-02
4924 -3.357333e-02
4925 -3.490922e-02
4926 -3.288734e-02
4927 -2.878721e-02
4928 -2.384110e-02
4929 -1.767650e-02
4930 -8.839500e-03
4931 4.447621e-03
4932 2.331256e-02
4933 4.710904e-02
4934 7.447018e-02
4935 1.028576e-01
4936 1.298847e-01
4937 1.532174e-01
4938 1.709881e-01
4939 1.816309e-01
4940 1.836285e-01
4941 1.765894e-01
4942 1.619024e-01
4943 1.418006e-01
4944 1.178271e-01
4945 9.058902e-02
4946 6.023499e-02
4947 2.733360e-02
4948 -8.590982e-03
4949 -4.808023e-02
4950 -8.965209e-02
4951 -1.300524e-01
4952 -1.644659e-01
4953 -1.890043e-01
4954 -2.011882e-01
4955 -2.000474e-01
4956 -1.852129e-01
4957 -1.591454e-01
4958 -1.258005e-01
4959 -8.926974e-02
4960 -5.312239e-02
4961 -2.032028e-02
4962 8.155063e-03
4963 3.310314e-02
4964 5.606626e-02
4965 7.800187e-02
4966 9.866947e-02
4967 1.160383e-01
4968 1.270393e-01
4969 1.285533e-01
4970 1.173011e-01
4971 9.192960e-02
4972 5.229504e-02
4973 2.142898e-03
4974 -5.270375e-02
4975 -1.047693e-01
4976 -1.477202e-01
4977 -1.784683e-01
4978 -1.964732e-01
4979 -2.043832e-01
4980 -2.072857e-01
4981 -2.105877e-01
4982 -2.180588e-01
4983 -2.288128e-01
4984 -2.394005e-01
4985 -2.464284e-01
4986 -2.474376e-01
4987 -2.398839e-01
4988 -2.207235e-01
4989 -1.862753e-01
4990 -1.391042e-01
4991 -8.493362e-02
4992 -3.301852e-02
4993 8.928466e-03
4994 3.658187e-02
4995 4.780687e-02
4996 4.277749e-02
4997 2.277624e-02
4998 -8.968947e-04
4999 -1.530988e-02
