# average=8.856261e-02
# standard deviation=7.958705e+00
0 6.334883e+01
1 6.203933e+01
2 5.822880e+01
3 5.222391e+01
4 4.438315e+01
5 3.506608e+01
6 2.463786e+01
7 1.347957e+01
8 1.987444e+00
9 -9.438651e+00
10 -2.040409e+01
11 -3.052135e+01
12 -3.941888e+01
13 -4.675854e+01
14 -5.225888e+01
15 -5.571866e+01
16 -5.702839e+01
17 -5.616851e+01
18 -5.320478e+01
19 -4.828310e+01
20 -4.162036e+01
21 -3.349052e+01
22 -2.421446e+01
23 -1.414788e+01
24 -3.672519e+00
25 6.816970e+00
26 1.692653e+01
27 2.627761e+01
28 3.452494e+01
29 4.137186e+01
30 4.658196e+01
31 4.998646e+01
32 5.148859e+01
33 5.106271e+01
34 4.874852e+01
35 4.464990e+01
36 3.893255e+01
37 3.182141e+01
38 2.359455e+01
39 1.457275e+01
40 5.103553e+00
41 -4.452909e+00
42 -1.373589e+01
43 -2.240048e+01
44 -3.013093e+01
45 -3.665202e+01
46 -4.173489e+01
47 -4.520549e+01
48 -4.695104e+01
49 -4.692385e+01
50 -4.514274e+01
51 -4.168921e+01
52 -3.670592e+01
53 -3.039292e+01
54 -2.300075e+01
55 -1.482075e+01
56 -6.169877e+00
57 2.624789e+00
58 1.123569e+01
59 1.934329e+01
60 2.664524e+01
61 3.287167e+01
62 3.779843e+01
63 4.125078e+01
64 4.310964e+01
65 4.331828e+01
66 4.188858e+01
67 3.889893e+01
68 3.448507e+01
69 2.882615e+01
70 2.213850e+01
71 1.467491e+01
72 6.721925e+00
73 -1.412582e+00
74 -9.412034e+00
75 -1.696796e+01
76 -2.379237e+01
77 -2.963267e+01
78 -3.427948e+01
79 -3.757288e+01
80 -3.940945e+01
81 -3.974611e+01
82 -3.859584e+01
83 -3.602363e+01
84 -3.214132e+01
85 -2.710644e+01
86 -2.111756e+01
87 -1.440584e+01
88 -7.226906e+00
89 1.499330e-01
90 7.448017e+00
91 1.438843e+01
92 2.070180e+01
93 2.614582e+01
94 3.052252e+01
95 3.368519e+01
96 3.553866e+01
97 3.603631e+01
98 3.517878e+01
99 3.301301e+01
100 2.963233e+01
101 2.517333e+01
102 1.981117e+01
103 1.375340e+01
104 7.232763e+00
105 5.011614e-01
106 -6.178113e+00
107 -1.254577e+01
108 -1.836026e+01
109 -2.341264e+01
110 -2.752907e+01
111 -3.056968e+01
112 -3.242926e+01
113 -3.304135e+01
114 -3.238663e+01
115 -3.049729e+01
116 -2.745408e+01
117 -2.338485e+01
118 -1.846189e+01
119 -1.289059e+01
120 -6.896659e+00
121 -7.148502e-01
122 5.420809e+00
123 1.128190e+01
124 1.664819e+01
125 2.131591e+01
126 2.510977e+01
127 2.789138e+01
128 2.956292e+01
129 3.006737e+01
130 2.938758e+01
131 2.755440e+01
132 2.465481e+01
133 2.082901e+01
134 1.625459e+01
135 1.112992e+01
136 5.663918e+00
137 6.950729e-02
138 -5.438764e+00
139 -1.065471e+01
140 -1.538878e+01
141 -1.947037e+01
142 -2.275116e+01
143 -2.510933e+01
144 -2.645358e+01
145 -2.673092e+01
146 -2.593597e+01
147 -2.411431e+01
148 -2.135630e+01
149 -1.778740e+01
150 -1.355735e+01
151 -8.835895e+00
152 -3.810229e+00
153 1.318615e+00
154 6.346358e+00
155 1.107444e+01
156 1.531946e+01
157 1.891685e+01
158 2.172614e+01
159 2.364155e+01
160 2.459990e+01
161 2.457832e+01
162 2.359031e+01
163 2.168540e+01
164 1.894430e+01
165 1.547702e+01
166 1.142181e+01
167 6.942790e+00
168 2.222521e+00
169 -2.551302e+00
170 -7.194542e+00
171 -1.152705e+01
172 -1.537695e+01
173 -1.858770e+01
174 -2.102824e+01
175 -2.260330e+01
176 -2.325678e+01
177 -2.297183e+01
178 -2.176940e+01
179 -1.970920e+01
180 -1.688795e+01
181 -1.343215e+01
182 -9.486912e+00
183 -5.208964e+00
184 -7.644377e-01
185 3.675329e+00
186 7.937995e+00
187 1.185707e+01
188 1.527752e+01
189 1.806359e+01
190 2.010695e+01
191 2.132995e+01
192 2.169042e+01
193 2.118490e+01
194 1.984586e+01
195 1.773723e+01
196 1.494811e+01
197 1.159023e+01
198 7.796952e+00
199 3.721444e+00
200 -4.716165e-01
201 -4.613536e+00
202 -8.540691e+00
203 -1.209836e+01
204 -1.514340e+01
205 -1.755400e+01
206 -1.924197e+01
207 -2.015203e+01
208 -2.025814e+01
209 -1.956285e+01
210 -1.809619e+01
211 -1.592075e+01
212 -1.313352e+01
213 -9.857997e+00
214 -6.231367e+00
215 -2.395695e+00
216 1.503855e+00
217 5.316468e+00
218 8.892571e+00
219 1.209212e+01
220 1.479302e+01
221 1.689251e+01
222 1.830823e+01
223 1.898643e+01
224 1.890649e+01
225 1.808472e+01
226 1.656981e+01
227 1.443228e+01
228 1.175763e+01
229 8.646683e+00
230 5.216495e+00
231 1.598896e+00
232 -2.065017e+00
233 -5.631414e+00
234 -8.961036e+00
235 -1.192463e+01
236 -1.440742e+01
237 -1.631531e+01
238 -1.757903e+01
239 -1.815779e+01
240 -1.804096e+01
241 -1.724532e+01
242 -1.580894e+01
243 -1.379242e+01
244 -1.127329e+01
245 -8.342151e+00
246 -5.104294e+00
247 -1.682411e+00
248 1.789004e+00
249 5.171268e+00
250 8.331775e+00
251 1.115009e+01
252 1.352159e+01
253 1.536134e+01
254 1.660980e+01
255 1.723089e+01
256 1.720758e+01
257 1.653870e+01
258 1.524640e+01
259 1.337990e+01
260 1.101569e+01
261 8.251008e+00
262 5.194544e+00
263 1.963437e+00
264 -1.319502e+00
265 -4.528230e+00
266 -7.539136e+00
267 -1.023910e+01
268 -1.253168e+01
269 -1.433498e+01
270 -1.558120e+01
271 -1.622535e+01
272 -1.625260e+01
273 -1.567397e+01
274 -1.451792e+01
275 -1.282898e+01
276 -1.067074e+01
277 -8.125990e+00
278 -5.293575e+00
279 -2.283585e+00
280 7.917197e-01
281 3.821068e+00
282 6.698671e+00
283 9.323403e+00
284 1.160091e+01
285 1.345024e+01
286 1.480898e+01
287 1.563117e+01
288 1.588629e+01
289 1.556197e+01
290 1.466875e+01
291 1.324315e+01
292 1.134261e+01
293 9.041027e+00
294 6.423310e+00
295 3.582146e+00
296 6.171670e-01
297 -2.365105e+00
298 -5.255339e+00
299 -7.945882e+00
300 -1.033540e+01
301 -1.233308e+01
302 -1.386367e+01
303 -1.487181e+01
304 -1.532594e+01
305 -1.522012e+01
306 -1.457177e+01
307 -1.341486e+01
308 -1.179565e+01
309 -9.769173e+00
310 -7.403966e+00
311 -4.786499e+00
312 -2.018344e+00
313 7.956383e-01
314 3.554514e+00
315 6.164949e+00
316 8.539394e+00
317 1.059521e+01
318 1.225955e+01
319 1.347179e+01
320 1.418980e+01
321 1.438891e+01
322 1.405938e+01
323 1.320657e+01
324 1.186110e+01
325 1.008073e+01
326 7.943781e+00
327 5.538854e+00
328 2.960610e+00
329 3.091326e-01
330 -2.312394e+00
331 -4.805268e+00
332 -7.079896e+00
333 -9.062226e+00
334 -1.069498e+01
335 -1.193130e+01
336 -1.273336e+01
337 -1.307380e+01
338 -1.293937e+01
339 -1.233190e+01
340 -1.127175e+01
341 -9.799028e+00
342 -7.970803e+00
343 -5.857593e+00
344 -3.541490e+00
345 -1.114963e+00
346 1.324091e+00
347 3.679201e+00
348 5.861668e+00
349 7.792153e+00
350 9.404805e+00
351 1.065023e+01
352 1.149418e+01
353 1.191312e+01
354 1.189479e+01
355 1.144284e+01
356 1.057830e+01
357 9.335311e+00
358 7.756170e+00
359 5.895196e+00
360 3.816868e+00
361 1.598273e+00
362 -6.719853e-01
363 -2.900346e+00
364 -4.999630e+00
365 -6.894731e+00
366 -8.525590e+00
367 -9.844502e+00
368 -1.081039e+01
369 -1.138648e+01
370 -1.154721e+01
371 -1.128413e+01
372 -1.060823e+01
373 -9.546497e+00
374 -8.138691e+00
375 -6.437425e+00
376 -4.509047e+00
377 -2.429530e+00
378 -2.766471e-01
379 1.874235e+00
380 3.950913e+00
381 5.882533e+00
382 7.601591e+00
383 9.048484e+00
384 1.017515e+01
385 1.094602e+01
386 1.133670e+01
387 1.133441e+01
388 1.093876e+01
389 1.016118e+01
390 9.024267e+00
391 7.558825e+00
392 5.811053e+00
393 3.845474e+00
394 1.741402e+00
395 -4.139085e-01
396 -2.534689e+00
397 -4.541892e+00
398 -6.370816e+00
399 -7.969141e+00
400 -9.290101e+00
401 -1.029312e+01
402 -1.094845e+01
403 -1.123787e+01
404 -1.115518e+01
405 -1.070414e+01
406 -9.895310e+00
407 -8.747810e+00
408 -7.295626e+00
409 -5.585775e+00
410 -3.673682e+00
411 -1.621540e+00
412 5.017045e-01
413 2.622850e+00
414 4.664914e+00
415 6.548709e+00
416 8.199554e+00
417 9.551676e+00
418 1.055447e+01
419 1.117591e+01
420 1.139896e+01
421 1.121884e+01
422 1.064264e+01
423 9.693568e+00
424 8.406345e+00
425 6.823795e+00
426 4.993353e+00
427 2.972410e+00
428 8.301654e-01
429 -1.358515e+00
430 -3.517173e+00
431 -5.570327e+00
432 -7.445248e+00
433 -9.073854e+00
434 -1.039304e+01
435 -1.134739e+01
436 -1.189665e+01
437 -1.201803e+01
438 -1.170546e+01
439 -1.096693e+01
440 -9.826852e+00
441 -8.328737e+00
442 -6.534580e+00
443 -4.513808e+00
444 -2.338156e+00
445 -8.027393e-02
446 2.185731e+00
447 4.384035e+00
448 6.436433e+00
449 8.265248e+00
450 9.799254e+00
451 1.097948e+01
452 1.175980e+01
453 1.210840e+01
454 1.201063e+01
455 1.147036e+01
456 1.050914e+01
457 9.165849e+00
458 7.491336e+00
459 5.542738e+00
460 3.383889e+00
461 1.087550e+00
462 -1.263686e+00
463 -3.580649e+00
464 -5.777235e+00
465 -7.773605e+00
466 -9.494587e+00
467 -1.087212e+01
468 -1.184869e+01
469 -1.238313e+01
470 -1.245368e+01
471 -1.205841e+01
472 -1.121168e+01
473 -9.942046e+00
474 -8.294431e+00
475 -6.331935e+00
476 -4.134295e+00
477 -1.790990e+00
478 6.061427e-01
479 2.967900e+00
480 5.208770e+00
481 7.250670e+00
482 9.023170e+00
483 1.046269e+01
484 1.151458e+01
485 1.213589e+01
486 1.230014e+01
487 1.200114e+01
488 1.125122e+01
489 1.007837e+01
490 8.527833e+00
491 6.662654e+00
492 4.561898e+00
493 2.308247e+00
494 -1.632229e-02
495 -2.329396e+00
496 -4.544659e+00
497 -6.575584e+00
498 -8.343190e+00
499 -9.780018e+00
500 -1.083580e+01
501 -1.147657e+01
502 -1.168292e+01
503 -1.145060e+01
504 -1.078923e+01
505 -9.724176e+00
506 -8.298549e+00
507 -6.569222e+00
508 -4.601038e+00
509 -2.463146e+00
510 -2.286444e-01
511 2.022230e+00
512 4.201035e+00
513 6.218502e+00
514 7.990319e+00
515 9.443796e+00
516 1.051678e+01
517 1.116310e+01
518 1.135640e+01
519 1.109248e+01
520 1.038709e+01
521 9.270470e+00
522 7.784745e+00
523 5.984908e+00
524 3.937738e+00
525 1.720101e+00
526 -5.805123e-01
527 -2.868851e+00
528 -5.047982e+00
529 -7.030600e+00
530 -8.740784e+00
531 -1.011002e+01
532 -1.108055e+01
533 -1.161001e+01
534 -1.167415e+01
535 -1.126973e+01
536 -1.041221e+01
537 -9.136078e+00
538 -7.492908e+00
539 -5.547453e+00
540 -3.374827e+00
541 -1.057536e+00
542 1.314395e+00
543 3.649637e+00
544 5.859135e+00
545 7.859602e+00
546 9.570315e+00
547 1.091892e+01
548 1.184706e+01
549 1.231432e+01
550 1.229705e+01
551 1.178994e+01
552 1.080949e+01
553 9.397133e+00
554 7.616864e+00
555 5.546460e+00
556 3.268902e+00
557 8.669707e-01
558 -1.571845e+00
559 -3.952928e+00
560 -6.180268e+00
561 -8.166557e+00
562 -9.839645e+00
563 -1.114341e+01
564 -1.203323e+01
565 -1.247421e+01
566 -1.244496e+01
567 -1.194393e+01
568 -1.098929e+01
569 -9.615640e+00
570 -7.870260e+00
571 -5.813083e+00
572 -3.517478e+00
573 -1.069538e+00
574 1.437599e+00
575 3.907085e+00
576 6.243213e+00
577 8.354387e+00
578 1.015576e+01
579 1.157533e+01
580 1.255887e+01
581 1.307027e+01
582 1.308907e+01
583 1.261150e+01
584 1.165407e+01
585 1.025147e+01
586 8.455047e+00
587 6.329056e+00
588 3.946531e+00
589 1.386994e+00
590 -1.259226e+00
591 -3.890917e+00
592 -6.399389e+00
593 -8.677824e+00
594 -1.063156e+01
595 -1.217895e+01
596 -1.325285e+01
597 -1.380309e+01
598 -1.380093e+01
599 -1.324458e+01
600 -1.215911e+01
601 -1.059433e+01
602 -8.619719e+00
603 -6.317812e+00
604 -3.777942e+00
605 -1.096461e+00
606 1.626365e+00
607 4.288353e+00
608 6.790460e+00
609 9.039850e+00
610 1.094903e+01
611 1.243664e+01
612 1.343262e+01
613 1.388891e+01
614 1.378350e+01
615 1.312156e+01
616 1.193351e+01
617 1.027186e+01
618 8.209034e+00
619 5.832797e+00
620 3.239685e+00
621 5.311025e-01
622 -2.189957e+00
623 -4.816999e+00
624 -7.243386e+00
625 -9.372498e+00
626 -1.112754e+01
627 -1.244881e+01
628 -1.328890e+01
629 -1.361656e+01
630 -1.342299e+01
631 -1.272417e+01
632 -1.155386e+01
633 -9.960523e+00
634 -8.003759e+00
635 -5.752161e+00
636 -3.285078e+00
637 -6.917636e-01
638 1.927898e+00
639 4.472514e+00
640 6.843676e+00
641 8.948743e+00
642 1.070579e+01
643 1.204913e+01
644 1.293024e+01
645 1.331763e+01
646 1.319712e+01
647 1.257061e+01
648 1.145981e+01
649 9.907364e+00
650 7.976295e+00
651 5.745232e+00
652 3.300184e+00
653 7.333988e-01
654 -1.861508e+00
655 -4.392896e+00
656 -6.769236e+00
657 -8.899128e+00
658 -1.069688e+01
659 -1.209092e+01
660 -1.302721e+01
661 -1.346979e+01
662 -1.339902e+01
663 -1.281244e+01
664 -1.172995e+01
665 -1.019187e+01
666 -8.256048e+00
667 -5.998174e+00
668 -3.508666e+00
669 -8.856699e-01
670 1.769418e+00
671 4.354417e+00
672 6.770379e+00
673 8.925373e+00
674 1.073865e+01
675 1.214288e+01
676 1.308724e+01
677 1.354108e+01
678 1.349240e+01
679 1.294550e+01
680 1.191961e+01
681 1.044864e+01
682 8.582539e+00
683 6.390092e+00
684 3.961684e+00
685 1.398844e+00
686 -1.197263e+00
687 -3.731627e+00
688 -6.114914e+00
689 -8.262481e+00
690 -1.009595e+01
691 -1.154912e+01
692 -1.257200e+01
693 -1.313243e+01
694 -1.321476e+01
695 -1.281451e+01
696 -1.194021e+01
697 -1.062092e+01
698 -8.909059e+00
699 -6.873276e+00
700 -4.592395e+00
701 -2.150203e+00
702 3.681191e-01
703 2.875715e+00
704 5.285093e+00
705 7.509591e+00
706 9.468664e+00
707 1.109004e+01
708 1.231126e+01
709 1.308059e+01
710 1.336364e+01
711 1.314665e+01
712 1.243695e+01
713 1.126306e+01
714 9.672130e+00
715 7.727153e+00
716 5.504042e+00
717 3.086759e+00
718 5.625148e-01
719 -1.980010e+00
720 -4.451087e+00
721 -6.760503e+00
722 -8.822959e+00
723 -1.056400e+01
724 -1.192612e+01
725 -1.286564e+01
726 -1.334725e+01
727 -1.334506e+01
728 -1.285236e+01
729 -1.188370e+01
730 -1.047590e+01
731 -8.686632e+00
732 -6.589797e+00
733 -4.268986e+00
734 -1.810488e+00
735 6.950056e-01
736 3.156946e+00
737 5.487558e+00
738 7.603154e+00
739 9.427070e+00
740 1.089368e+01
741 1.195408e+01
742 1.257490e+01
743 1.273452e+01
744 1.242628e+01
745 1.166135e+01
746 1.047157e+01
747 8.904328e+00
748 7.019178e+00
749 4.887185e+00
750 2.589697e+00
751 2.131991e-01
752 -2.156746e+00
753 -4.434429e+00
754 -6.534051e+00
755 -8.373143e+00
756 -9.878290e+00
757 -1.099373e+01
758 -1.168423e+01
759 -1.193302e+01
760 -1.173830e+01
761 -1.111212e+01
762 -1.007816e+01
763 -8.672901e+00
764 -6.946096e+00
765 -4.959458e+00
766 -2.785036e+00
767 -5.037361e-01
768 1.797812e+00
769 4.028399e+00
770 6.096631e+00
771 7.916477e+00
772 9.412660e+00
773 1.052748e+01
774 1.122578e+01
775 1.149189e+01
776 1.132569e+01
777 1.073958e+01
778 9.756050e+00
779 8.407271e+00
780 6.741485e+00
781 4.822658e+00
782 2.729041e+00
783 5.452668e-01
784 -1.644654e+00
785 -3.759840e+00
786 -5.719238e+00
787 -7.440602e+00
788 -8.847032e+00
789 -9.879968e+00
790 -1.051175e+01
791 -1.074204e+01
792 -1.058336e+01
793 -1.005362e+01
794 -9.179166e+00
795 -7.994988e+00
796 -6.541838e+00
797 -4.865533e+00
798 -3.021191e+00
799 -1.075547e+00
800 8.922888e-01
801 2.794105e+00
802 4.541525e+00
803 6.061269e+00
804 7.302901e+00
805 8.235709e+00
806 8.843991e+00
807 9.123453e+00
808 9.079200e+00
809 8.721414e+00
810 8.063056e+00
811 7.126482e+00
812 5.949297e+00
813 4.581782e+00
814 3.083208e+00
815 1.516805e+00
816 -5.723790e-02
817 -1.585602e+00
818 -3.017832e+00
819 -4.305966e+00
820 -5.405136e+00
821 -6.278446e+00
822 -6.898083e+00
823 -7.244524e+00
824 -7.308876e+00
825 -7.095429e+00
826 -6.618952e+00
827 -5.904086e+00
828 -4.984632e+00
829 -3.899530e+00
830 -2.690623e+00
831 -1.402886e+00
832 -8.501493e-02
833 1.214486e+00
834 2.450602e+00
835 3.580273e+00
836 4.559533e+00
837 5.349595e+00
838 5.924429e+00
839 6.268598e+00
840 6.375182e+00
841 6.243246e+00
842 5.878803e+00
843 5.295478e+00
844 4.516154e+00
845 3.570774e+00
846 2.494945e+00
847 1.330591e+00
848 1.245414e-01
849 -1.075848e+00
850 -2.226850e+00
851 -3.289041e+00
852 -4.222949e+00
853 -4.989654e+00
854 -5.555528e+00
855 -5.896260e+00
856 -5.998398e+00
857 -5.863467e+00
858 -5.506210e+00
859 -4.947236e+00
860 -4.212193e+00
861 -3.331363e+00
862 -2.342194e+00
863 -1.288068e+00
864 -2.142212e-01
865 8.380294e-01
866 1.829022e+00
867 2.722929e+00
868 3.490712e+00
869 4.110158e+00
870 4.565633e+00
871 4.849320e+00
872 4.958245e+00
873 4.891074e+00
874 4.649559e+00
875 4.241159e+00
876 3.681894e+00
877 2.996931e+00
878 2.216754e+00
879 1.375678e+00
880 5.066891e-01
881 -3.622865e-01
882 -1.207097e+00
883 -2.003285e+00
884 -2.725915e+00
885 -3.351074e+00
886 -3.858391e+00
887 -4.232476e+00
888 -4.461562e+00
889 -4.534598e+00
890 -4.440177e+00
891 -4.174243e+00
892 -3.745252e+00
893 -3.173278e+00
894 -2.487919e+00
895 -1.723364e+00
896 -9.136538e-01
897 -9.198015e-02
898 7.138571e-01
899 1.481942e+00
900 2.194645e+00
901 2.834548e+00
902 3.381449e+00
903 3.814379e+00
904 4.113507e+00
905 4.263549e+00
906 4.257282e+00
907 4.099603e+00
908 3.803498e+00
909 3.384816e+00
910 2.856081e+00
911 2.225338e+00
912 1.504975e+00
913 7.208924e-01
914 -9.314569e-02
915 -9.040422e-01
916 -1.680283e+00
917 -2.387748e+00
918 -2.990753e+00
919 -3.459644e+00
920 -3.778014e+00
921 -3.941754e+00
922 -3.953945e+00
923 -3.823317e+00
924 -3.563888e+00
925 -3.189753e+00
926 -2.712657e+00
927 -2.143990e+00
928 -1.496268e+00
929 -7.845975e-01
930 -3.448666e-02
931 7.177352e-01
932 1.426861e+00
933 2.047959e+00
934 2.547971e+00
935 2.910454e+00
936 3.133007e+00
937 3.220276e+00
938 3.177803e+00
939 3.008395e+00
940 2.711942e+00
941 2.295168e+00
942 1.779973e+00
943 1.202106e+00
944 5.981279e-01
945 -2.786256e-03
946 -5.773699e-01
947 -1.104377e+00
948 -1.565254e+00
949 -1.949468e+00
950 -2.253725e+00
951 -2.472362e+00
952 -2.593542e+00
953 -2.601793e+00
954 -2.487193e+00
955 -2.252530e+00
956 -1.912691e+00
957 -1.486227e+00
958 -9.931640e-01
959 -4.588876e-01
960 8.591807e-02
961 6.122778e-01
962 1.100701e+00
963 1.544076e+00
964 1.941641e+00
965 2.289358e+00
966 2.571514e+00
967 2.766201e+00
968 2.856500e+00
969 2.836720e+00
970 2.711092e+00
971 2.487660e+00
972 2.175292e+00
973 1.786078e+00
974 1.335596e+00
975 8.428434e-01
976 3.319046e-01
977 -1.706783e-01
978 -6.416611e-01
979 -1.069083e+00
980 -1.451114e+00
981 -1.783819e+00
982 -2.053441e+00
983 -2.242319e+00
984 -2.338961e+00
985 -2.342212e+00
986 -2.255662e+00
987 -2.084229e+00
988 -1.836602e+00
989 -1.527889e+00
990 -1.178032e+00
991 -8.055366e-01
992 -4.275228e-01
993 -6.195571e-02
994 2.727574e-01
995 5.629564e-01
996 8.010065e-01
997 9.843187e-01
998 1.115804e+00
999 1.201095e+00
1000 1.244765e+00
1001 1.249883e+00
1002 1.222827e+00
1003 1.169154e+00
1004 1.086883e+00
1005 9.704250e-01
1006 8.191927e-01
1007 6.410758e-01
1008 4.468332e-01
1009 2.432496e-01
1010 3.292540e-02
1011 -1.817070e-01
1012 -3.984774e-01
1013 -6.132547e-01
1014 -8.195607e-01
1015 -1.010630e+00
1016 -1.181959e+00
1017 -1.325359e+00
1018 -1.429264e+00
1019 -1.483629e+00
1020 -1.483725e+00
1021 -1.430246e+00
1022 -1.327131e+00
1023 -1.181790e+00
1024 -1.003767e+00
1025 -7.994661e-01
1026 -5.709445e-01
1027 -3.188870e-01
1028 -4.684251e-02
1029 2.412354e-01
1030 5.403828e-01
1031 8.409393e-01
1032 1.125830e+00
1033 1.373448e+00
1034 1.565261e+00
1035 1.689857e+00
1036 1.743923e+00
1037 1.732119e+00
1038 1.664160e+00
1039 1.554560e+00
1040 1.417828e+00
1041 1.259736e+00
1042 1.074235e+00
1043 8.520780e-01
1044 5.901122e-01
1045 2.928289e-01
1046 -2.566305e-02
1047 -3.435783e-01
1048 -6.359703e-01
1049 -8.816880e-01
1050 -1.068479e+00
1051 -1.191480e+00
1052 -1.249652e+00
1053 -1.246686e+00
1054 -1.189811e+00
1055 -1.084945e+00
1056 -9.330949e-01
1057 -7.366762e-01
1058 -5.067599e-01
1059 -2.611436e-01
1060 -1.725958e-02
1061 2.161799e-01
1062 4.377950e-01
1063 6.440068e-01
1064 8.280017e-01
1065 9.809805e-01
1066 1.095520e+00
1067 1.168631e+00
1068 1.199161e+00
1069 1.184855e+00
1070 1.121221e+00
1071 1.006421e+00
1072 8.431579e-01
1073 6.397225e-01
1074 4.095253e-01
1075 1.661812e-01
1076 -7.885783e-02
1077 -3.126314e-01
1078 -5.218944e-01
1079 -6.961877e-01
1080 -8.314935e-01
1081 -9.268632e-01
1082 -9.807460e-01
1083 -9.899062e-01
1084 -9.551494e-01
1085 -8.842302e-01
1086 -7.854563e-01
1087 -6.631236e-01
1088 -5.176236e-01
1089 -3.531028e-01
1090 -1.801455e-01
1091 -1.331373e-02
1092 1.360894e-01
1093 2.612774e-01
1094 3.586754e-01
1095 4.280701e-01
1096 4.695034e-01
1097 4.838370e-01
1098 4.751879e-01
1099 4.500567e-01
1100 4.132419e-01
1101 3.679106e-01
1102 3.128379e-01
1103 2.455473e-01
1104 1.639124e-01
1105 6.707038e-02
1106 -3.937755e-02
1107 -1.400758e-01
1108 -2.189377e-01
1109 -2.645718e-01
1110 -2.727684e-01
1111 -2.404180e-01
1112 -1.662683e-01
1113 -5.648732e-02
1114 7.149383e-02
1115 1.946018e-01
1116 2.966930e-01
1117 3.759612e-01
1118 4.385919e-01
1119 4.904457e-01
1120 5.320624e-01
1121 5.593900e-01
1122 5.663647e-01
1123 5.438923e-01
1124 4.803574e-01
1125 3.668757e-01
1126 2.042840e-01
1127 4.204677e-03
1128 -2.177067e-01
1129 -4.476894e-01
1130 -6.742992e-01
1131 -8.874799e-01
1132 -1.076674e+00
1133 -1.232933e+00
1134 -1.349521e+00
1135 -1.423782e+00
1136 -1.456896e+00
1137 -1.454596e+00
1138 -1.425709e+00
1139 -1.378294e+00
1140 -1.316796e+00
1141 -1.239380e+00
1142 -1.140929e+00
1143 -1.017496e+00
1144 -8.694337e-01
1145 -7.012007e-01
1146 -5.192749e-01
1147 -3.271325e-01
1148 -1.242572e-01
1149 9.161409e-02
1150 3.187691e-01
1151 5.476812e-01
1152 7.629620e-01
1153 9.464793e-01
1154 1.081691e+00
1155 1.158212e+00
1156 1.177523e+00
1157 1.151874e+00
1158 1.097254e+00
1159 1.028596e+00
1160 9.578215e-01
1161 8.925340e-01
1162 8.351588e-01
1163 7.826636e-01
1164 7.279539e-01
1165 6.657102e-01
1166 5.967867e-01
1167 5.302784e-01
1168 4.770780e-01
1169 4.432857e-01
1170 4.279008e-01
1171 4.225341e-01
1172 4.131889e-01
1173 3.858399e-01
1174 3.307333e-01
1175 2.421138e-01
1176 1.156524e-01
1177 -5.082202e-02
1178 -2.564612e-01
1179 -4.918872e-01
1180 -7.413864e-01
1181 -9.875591e-01
1182 -1.216002e+00
1183 -1.413298e+00
1184 -1.564970e+00
1185 -1.657056e+00
1186 -1.677728e+00
1187 -1.617110e+00
1188 -1.469214e+00
1189 -1.232293e+00
1190 -9.126880e-01
1191 -5.227040e-01
1192 -7.867249e-02
1193 3.983016e-01
1194 8.859922e-01
1195 1.363006e+00
1196 1.806247e+00
1197 2.194804e+00
1198 2.511373e+00
1199 2.742588e+00
1200 2.877156e+00
1201 2.907208e+00
1202 2.825869e+00
1203 2.630310e+00
1204 2.323744e+00
1205 1.915694e+00
1206 1.418016e+00
1207 8.450312e-01
1208 2.123958e-01
1209 -4.577529e-01
1210 -1.135584e+00
1211 -1.787701e+00
1212 -2.380165e+00
1213 -2.878719e+00
1214 -3.252509e+00
1215 -3.478971e+00
1216 -3.546873e+00
1217 -3.456939e+00
1218 -3.217334e+00
1219 -2.836200e+00
1220 -2.318810e+00
1221 -1.671143e+00
1222 -9.088539e-01
1223 -6.217221e-02
1224 8.271431e-01
1225 1.714232e+00
1226 2.557310e+00
1227 3.321317e+00
1228 3.978683e+00
1229 4.507194e+00
1230 4.888606e+00
1231 5.111576e+00
1232 5.167984e+00
1233 5.048029e+00
1234 4.741749e+00
1235 4.245055e+00
1236 3.566711e+00
1237 2.729822e+00
1238 1.769424e+00
1239 7.276186e-01
1240 -3.509989e-01
1241 -1.423605e+00
1242 -2.452174e+00
1243 -3.402353e+00
1244 -4.244573e+00
1245 -4.952365e+00
1246 -5.503263e+00
1247 -5.876079e+00
1248 -6.052280e+00
1249 -6.014922e+00
1250 -5.752079e+00
1251 -5.263272e+00
1252 -4.561578e+00
1253 -3.674983e+00
1254 -2.635820e+00
1255 -1.477789e+00
1256 -2.389806e-01
1257 1.035501e+00
1258 2.298100e+00
1259 3.501822e+00
1260 4.596681e+00
1261 5.530465e+00
1262 6.254417e+00
1263 6.731137e+00
1264 6.938422e+00
1265 6.869335e+00
1266 6.528144e+00
1267 5.929037e+00
1268 5.091095e+00
1269 4.040688e+00
1270 2.814136e+00
1271 1.455875e+00
1272 1.408588e-02
1273 -1.458905e+00
1274 -2.907026e+00
1275 -4.272225e+00
1276 -5.498997e+00
1277 -6.535308e+00
1278 -7.334443e+00
1279 -7.858256e+00
1280 -8.082328e+00
1281 -7.998430e+00
1282 -7.613495e+00
1283 -6.942608e+00
1284 -6.008904e+00
1285 -4.846166e+00
1286 -3.501220e+00
1287 -2.030101e+00
1288 -4.873564e-01
1289 1.078292e+00
1290 2.617334e+00
1291 4.079275e+00
1292 5.412357e+00
1293 6.564101e+00
1294 7.484999e+00
1295 8.131142e+00
1296 8.468344e+00
1297 8.481327e+00
1298 8.174151e+00
1299 7.561468e+00
1300 6.667175e+00
1301 5.523731e+00
1302 4.171253e+00
1303 2.655208e+00
1304 1.029805e+00
1305 -6.436449e-01
1306 -2.303433e+00
1307 -3.893695e+00
1308 -5.362530e+00
1309 -6.657325e+00
1310 -7.724495e+00
1311 -8.512752e+00
1312 -8.981163e+00
1313 -9.104951e+00
1314 -8.876018e+00
1315 -8.302562e+00
1316 -7.410134e+00
1317 -6.235372e+00
1318 -4.819342e+00
1319 -3.205960e+00
1320 -1.442527e+00
1321 4.140617e-01
1322 2.294188e+00
1323 4.119380e+00
1324 5.811675e+00
1325 7.299327e+00
1326 8.518915e+00
1327 9.417214e+00
1328 9.955893e+00
1329 1.011257e+01
1330 9.881407e+00
1331 9.275141e+00
1332 8.324097e+00
1333 7.067608e+00
1334 5.549635e+00
1335 3.819163e+00
1336 1.932627e+00
1337 -4.430368e-02
1338 -2.039000e+00
1339 -3.974656e+00
1340 -5.774795e+00
1341 -7.368179e+00
1342 -8.692513e+00
1343 -9.695734e+00
1344 -1.034005e+01
1345 -1.060238e+01
1346 -1.047498e+01
1347 -9.963356e+00
1348 -9.085541e+00
1349 -7.870358e+00
1350 -6.359206e+00
1351 -4.602761e+00
1352 -2.663260e+00
1353 -6.143279e-01
1354 1.460434e+00
1355 3.477655e+00
1356 5.360108e+00
1357 7.041233e+00
1358 8.464095e+00
1359 9.582455e+00
1360 1.036226e+01
1361 1.077886e+01
1362 1.081835e+01
1363 1.047744e+01
1364 9.762757e+00
1365 8.691222e+00
1366 7.290419e+00
1367 5.601306e+00
1368 3.684643e+00
1369 1.621195e+00
1370 -4.971934e-01
1371 -2.578030e+00
1372 -4.540164e+00
1373 -6.321490e+00
1374 -7.870487e+00
1375 -9.141347e+00
1376 -1.009353e+01
1377 -1.069746e+01
1378 -1.093204e+01
1379 -1.078238e+01
1380 -1.023951e+01
1381 -9.308621e+00
1382 -8.015627e+00
1383 -6.407661e+00
1384 -4.548520e+00
1385 -2.510699e+00
1386 -3.689949e-01
1387 1.796867e+00
1388 3.902883e+00
1389 5.866393e+00
1390 7.613293e+00
1391 9.073766e+00
1392 1.018326e+01
1393 1.089170e+01
1394 1.116880e+01
1395 1.100496e+01
1396 1.040934e+01
1397 9.410796e+00
1398 8.052869e+00
1399 6.387045e+00
1400 4.472363e+00
1401 2.376242e+00
1402 1.747700e-01
1403 -2.048431e+00
1404 -4.207795e+00
1405 -6.218972e+00
1406 -7.998353e+00
1407 -9.467578e+00
1408 -1.056074e+01
1409 -1.123308e+01
1410 -1.146739e+01
1411 -1.126986e+01
1412 -1.066109e+01
1413 -9.669752e+00
1414 -8.330561e+00
1415 -6.687306e+00
1416 -4.798646e+00
1417 -2.738135e+00
1418 -5.885032e-01
1419 1.569751e+00
1420 3.660940e+00
1421 5.610119e+00
1422 7.343819e+00
1423 8.797568e+00
1424 9.919179e+00
1425 1.066943e+01
1426 1.101970e+01
1427 1.095312e+01
1428 1.046944e+01
1429 9.590466e+00
1430 8.357761e+00
1431 6.826283e+00
1432 5.057822e+00
1433 3.116860e+00
1434 1.070574e+00
1435 -1.008425e+00
1436 -3.047525e+00
1437 -4.977363e+00
1438 -6.732464e+00
1439 -8.252630e+00
1440 -9.481309e+00
1441 -1.036447e+01
1442 -1.085559e+01
1443 -1.092229e+01
1444 -1.055438e+01
1445 -9.766270e+00
1446 -8.594088e+00
1447 -7.088148e+00
1448 -5.313701e+00
1449 -3.349266e+00
1450 -1.277973e+00
1451 8.219034e-01
1452 2.883258e+00
1453 4.846284e+00
1454 6.649268e+00
1455 8.227008e+00
1456 9.514963e+00
1457 1.045646e+01
1458 1.100602e+01
1459 1.113498e+01
1460 1.083468e+01
1461 1.011393e+01
1462 9.002218e+00
1463 7.550687e+00
1464 5.822466e+00
1465 3.879549e+00
1466 1.783368e+00
1467 -3.977408e-01
1468 -2.582889e+00
1469 -4.684835e+00
1470 -6.614801e+00
1471 -8.292636e+00
1472 -9.652141e+00
1473 -1.064983e+01
1474 -1.126179e+01
1475 -1.147276e+01
1476 -1.127387e+01
1477 -1.066694e+01
1478 -9.667620e+00
1479 -8.305896e+00
1480 -6.624048e+00
1481 -4.676539e+00
1482 -2.534514e+00
1483 -2.849039e-01
1484 1.976859e+00
1485 4.160616e+00
1486 6.187932e+00
1487 7.991362e+00
1488 9.511914e+00
1489 1.070144e+01
1490 1.152071e+01
1491 1.193702e+01
1492 1.192479e+01
1493 1.147219e+01
1494 1.058453e+01
1495 9.285101e+00
1496 7.614393e+00
1497 5.634335e+00
1498 3.427585e+00
1499 1.089959e+00
1500 -1.282181e+00
1501 -3.600585e+00
1502 -5.785015e+00
1503 -7.761209e+00
1504 -9.459659e+00
1505 -1.081540e+01
1506 -1.177163e+01
1507 -1.228316e+01
1508 -1.232646e+01
1509 -1.190176e+01
1510 -1.102776e+01
1511 -9.734898e+00
1512 -8.067865e+00
1513 -6.090433e+00
1514 -3.882199e+00
1515 -1.531449e+00
1516 8.756278e-01
1517 3.259893e+00
1518 5.539103e+00
1519 7.622662e+00
1520 9.420441e+00
1521 1.085550e+01
1522 1.187116e+01
1523 1.243242e+01
1524 1.252179e+01
1525 1.213752e+01
1526 1.129361e+01
1527 1.002511e+01
1528 8.386623e+00
1529 6.444171e+00
1530 4.265999e+00
1531 1.924221e+00
1532 -4.984134e-01
1533 -2.909393e+00
1534 -5.209440e+00
1535 -7.302323e+00
1536 -9.105160e+00
1537 -1.055394e+01
1538 -1.160350e+01
1539 -1.222393e+01
1540 -1.239483e+01
1541 -1.210709e+01
1542 -1.136989e+01
1543 -1.021421e+01
1544 -8.686305e+00
1545 -6.843222e+00
1546 -4.751561e+00
1547 -2.487157e+00
1548 -1.378835e-01
1549 2.199983e+00
1550 4.432334e+00
1551 6.472572e+00
1552 8.244346e+00
1553 9.685542e+00
1554 1.075187e+01
1555 1.141431e+01
1556 1.165593e+01
1557 1.146706e+01
1558 1.084801e+01
1559 9.817105e+00
1560 8.412932e+00
1561 6.692630e+00
1562 4.726193e+00
1563 2.591625e+00
1564 3.721847e-01
1565 -1.848009e+00
1566 -3.989839e+00
1567 -5.979550e+00
1568 -7.748440e+00
1569 -9.230343e+00
1570 -1.036482e+01
1571 -1.110205e+01
1572 -1.141023e+01
1573 -1.127738e+01
1574 -1.071093e+01
1575 -9.738006e+00
1576 -8.402087e+00
1577 -6.756293e+00
1578 -4.863034e+00
1579 -2.794411e+00
1580 -6.292485e-01
1581 1.551485e+00
1582 3.669128e+00
1583 5.647545e+00
1584 7.413464e+00
1585 8.897840e+00
1586 1.004059e+01
1587 1.079725e+01
1588 1.114019e+01
1589 1.106120e+01
1590 1.056954e+01
1591 9.688278e+00
1592 8.451083e+00
1593 6.900616e+00
1594 5.090080e+00
1595 3.086090e+00
1596 9.706168e-01
1597 -1.163068e+00
1598 -3.219227e+00
1599 -5.109034e+00
1600 -6.760184e+00
1601 -8.116801e+00
1602 -9.137514e+00
1603 -9.792407e+00
1604 -1.006050e+01
1605 -9.937025e+00
1606 -9.435822e+00
1607 -8.587931e+00
1608 -7.432160e+00
1609 -6.010321e+00
1610 -4.367575e+00
1611 -2.559156e+00
1612 -6.543556e-01
1613 1.268161e+00
1614 3.127350e+00
1615 4.844564e+00
1616 6.350109e+00
1617 7.587357e+00
1618 8.516878e+00
1619 9.113367e+00
1620 9.361227e+00
1621 9.250671e+00
1622 8.779466e+00
1623 7.957520e+00
1624 6.814767e+00
1625 5.399466e+00
1626 3.768301e+00
1627 1.983416e+00
1628 1.177071e-01
1629 -1.749254e+00
1630 -3.542913e+00
1631 -5.201032e+00
1632 -6.670316e+00
1633 -7.898497e+00
1634 -8.836716e+00
1635 -9.446270e+00
1636 -9.701979e+00
1637 -9.590250e+00
1638 -9.109725e+00
1639 -8.274907e+00
1640 -7.118856e+00
1641 -5.690254e+00
1642 -4.048430e+00
1643 -2.253557e+00
1644 -3.664535e-01
1645 1.544078e+00
1646 3.404021e+00
1647 5.141202e+00
1648 6.684886e+00
1649 7.968542e+00
1650 8.937186e+00
1651 9.550375e+00
1652 9.784111e+00
1653 9.629148e+00
1654 9.094741e+00
1655 8.206085e+00
1656 7.001667e+00
1657 5.529940e+00
1658 3.850365e+00
1659 2.028590e+00
1660 1.279234e-01
1661 -1.786276e+00
1662 -3.641942e+00
1663 -5.362167e+00
1664 -6.871520e+00
1665 -8.101938e+00
1666 -9.000383e+00
1667 -9.533093e+00
1668 -9.685270e+00
1669 -9.456430e+00
1670 -8.857834e+00
1671 -7.912993e+00
1672 -6.660832e+00
1673 -5.151414e+00
1674 -3.443921e+00
1675 -1.602994e+00
1676 3.016287e-01
1677 2.196922e+00
1678 4.008676e+00
1679 5.662912e+00
1680 7.090926e+00
1681 8.237387e+00
1682 9.059415e+00
1683 9.528198e+00
1684 9.627496e+00
1685 9.354121e+00
1686 8.717711e+00
1687 7.741009e+00
1688 6.458793e+00
1689 4.913873e+00
1690 3.154332e+00
1691 1.235424e+00
1692 -7.770188e-01
1693 -2.805547e+00
1694 -4.766546e+00
1695 -6.576371e+00
1696 -8.156502e+00
1697 -9.436778e+00
1698 -1.036097e+01
1699 -1.088928e+01
1700 -1.100085e+01
1701 -1.069600e+01
1702 -9.991922e+00
1703 -8.917000e+00
1704 -7.508218e+00
1705 -5.812635e+00
1706 -3.886350e+00
1707 -1.792708e+00
1708 4.003838e-01
1709 2.620597e+00
1710 4.790249e+00
1711 6.823697e+00
1712 8.633106e+00
1713 1.013595e+01
1714 1.126214e+01
1715 1.195900e+01
1716 1.219431e+01
1717 1.195132e+01
1718 1.123322e+01
1719 1.006725e+01
1720 8.502378e+00
1721 6.601587e+00
1722 4.437235e+00
1723 2.090408e+00
1724 -3.537432e-01
1725 -2.807632e+00
1726 -5.184028e+00
1727 -7.395294e+00
1728 -9.350909e+00
1729 -1.096023e+01
1730 -1.214371e+01
1731 -1.284721e+01
1732 -1.304805e+01
1733 -1.274627e+01
1734 -1.195466e+01
1735 -1.069738e+01
1736 -9.011639e+00
1737 -6.953003e+00
1738 -4.595058e+00
1739 -2.028209e+00
1740 6.423604e-01
1741 3.303176e+00
1742 5.843435e+00
1743 8.163491e+00
1744 1.017602e+01
1745 1.180526e+01
1746 1.299055e+01
1747 1.368578e+01
1748 1.385947e+01
1749 1.350000e+01
1750 1.261843e+01
1751 1.124483e+01
1752 9.428984e+00
1753 7.243227e+00
1754 4.775357e+00
1755 2.121198e+00
1756 -6.238653e-01
1757 -3.365579e+00
1758 -6.006172e+00
1759 -8.446456e+00
1760 -1.058832e+01
1761 -1.234171e+01
1762 -1.362805e+01
1763 -1.438684e+01
1764 -1.458419e+01
1765 -1.421468e+01
1766 -1.329831e+01
1767 -1.187151e+01
1768 -9.985053e+00
1769 -7.706186e+00
1770 -5.120654e+00
1771 -2.329824e+00
1772 5.538037e-01
1773 3.418931e+00
1774 6.159895e+00
1775 8.677939e+00
1776 1.087914e+01
1777 1.267510e+01
1778 1.399354e+01
1779 1.478700e+01
1780 1.503114e+01
1781 1.471884e+01
1782 1.385942e+01
1783 1.248330e+01
1784 1.064351e+01
1785 8.410723e+00
1786 5.868303e+00
1787 3.107874e+00
1788 2.290525e-01
1789 -2.664339e+00
1790 -5.466022e+00
1791 -8.072229e+00
1792 -1.038692e+01
1793 -1.232428e+01
1794 -1.381358e+01
1795 -1.480116e+01
1796 -1.525237e+01
1797 -1.514909e+01
1798 -1.448950e+01
1799 -1.329033e+01
1800 -1.159019e+01
1801 -9.449331e+00
1802 -6.948455e+00
1803 -4.183457e+00
1804 -1.255355e+00
1805 1.734219e+00
1806 4.681229e+00
1807 7.478642e+00
1808 1.001905e+01
1809 1.220248e+01
1810 1.394692e+01
1811 1.519206e+01
1812 1.589644e+01
1813 1.603416e+01
1814 1.559145e+01
1815 1.457527e+01
1816 1.301886e+01
1817 1.097553e+01
1818 8.512208e+00
1819 5.709701e+00
1820 2.668584e+00
1821 -4.937172e-01
1822 -3.651919e+00
1823 -6.680462e+00
1824 -9.460930e+00
1825 -1.188918e+01
1826 -1.387863e+01
1827 -1.535892e+01
1828 -1.628105e+01
1829 -1.661864e+01
1830 -1.636502e+01
1831 -1.553237e+01
1832 -1.415270e+01
1833 -1.227283e+01
1834 -9.948760e+00
1835 -7.252820e+00
1836 -4.281342e+00
1837 -1.155615e+00
1838 1.993005e+00
1839 5.040037e+00
1840 7.874743e+00
1841 1.039574e+01
1842 1.250849e+01
1843 1.412923e+01
1844 1.519257e+01
1845 1.565879e+01
1846 1.551767e+01
1847 1.478581e+01
1848 1.349654e+01
1849 1.170155e+01
1850 9.475181e+00
1851 6.907143e+00
1852 4.094938e+00
1853 1.138793e+00
1854 -1.858261e+00
1855 -4.786997e+00
1856 -7.535311e+00
1857 -9.993814e+00
1858 -1.205850e+01
1859 -1.364011e+01
1860 -1.467127e+01
1861 -1.511175e+01
1862 -1.494622e+01
1863 -1.418638e+01
1864 -1.286609e+01
1865 -1.104188e+01
1866 -8.790035e+00
1867 -6.201944e+00
1868 -3.374602e+00
1869 -4.088949e-01
1870 2.590783e+00
1871 5.514987e+00
1872 8.245006e+00
1873 1.065963e+01
1874 1.264874e+01
1875 1.412594e+01
1876 1.503434e+01
1877 1.534557e+01
1878 1.505447e+01
1879 1.417388e+01
1880 1.273556e+01
1881 1.078982e+01
1882 8.406624e+00
1883 5.675546e+00
1884 2.701628e+00
1885 -3.970666e-01
1886 -3.495609e+00
1887 -6.468874e+00
1888 -9.197994e+00
1889 -1.157442e+01
1890 -1.350763e+01
1891 -1.492767e+01
1892 -1.578126e+01
1893 -1.603012e+01
1894 -1.565624e+01
1895 -1.467154e+01
1896 -1.311838e+01
1897 -1.106184e+01
1898 -8.586222e+00
1899 -5.792308e+00
1900 -2.793146e+00
1901 2.951399e-01
1902 3.359922e+00
1903 6.292347e+00
1904 8.985769e+00
1905 1.133758e+01
1906 1.325310e+01
1907 1.465068e+01
1908 1.547230e+01
1909 1.568774e+01
1910 1.529401e+01
1911 1.431102e+01
1912 1.277741e+01
1913 1.075205e+01
1914 8.316768e+00
1915 5.573279e+00
1916 2.630485e+00
1917 -4.044807e-01
1918 -3.425734e+00
1919 -6.321991e+00
1920 -8.982875e+00
1921 -1.130363e+01
1922 -1.318624e+01
1923 -1.454663e+01
1924 -1.532362e+01
1925 -1.548312e+01
1926 -1.501847e+01
1927 -1.394922e+01
1928 -1.231989e+01
1929 -1.020103e+01
1930 -7.683506e+00
1931 -4.869024e+00
1932 -1.859738e+00
1933 1.237398e+00
1934 4.310038e+00
1935 7.237673e+00
1936 9.897841e+00
1937 1.217551e+01
1938 1.396985e+01
1939 1.519959e+01
1940 1.580711e+01
1941 1.576129e+01
1942 1.506238e+01
1943 1.374118e+01
1944 1.185168e+01
1945 9.469629e+00
1946 6.689877e+00
1947 3.625519e+00
1948 4.014863e-01
1949 -2.852778e+00
1950 -6.010768e+00
1951 -8.949274e+00
1952 -1.154991e+01
1953 -1.370527e+01
1954 -1.532902e+01
1955 -1.636261e+01
1956 -1.677514e+01
1957 -1.655862e+01
1958 -1.571988e+01
1959 -1.428051e+01
1960 -1.228008e+01
1961 -9.782399e+00
1962 -6.877130e+00
1963 -3.673787e+00
1964 -2.977836e-01
1965 3.115679e+00
1966 6.428308e+00
1967 9.503816e+00
1968 1.221386e+01
1969 1.444884e+01
1970 1.612967e+01
1971 1.720585e+01
1972 1.764601e+01
1973 1.743409e+01
1974 1.657521e+01
1975 1.509776e+01
1976 1.305220e+01
1977 1.050948e+01
1978 7.557051e+00
1979 4.298562e+00
1980 8.516269e-01
1981 -2.654276e+00
1982 -6.082326e+00
1983 -9.296243e+00
1984 -1.216991e+01
1985 -1.459355e+01
1986 -1.647191e+01
1987 -1.772816e+01
1988 -1.830734e+01
1989 -1.818299e+01
1990 -1.736450e+01
1991 -1.589239e+01
1992 -1.382540e+01
1993 -1.123444e+01
1994 -8.205113e+00
1995 -4.842132e+00
1996 -1.270507e+00
1997 2.370236e+00
1998 5.934850e+00
1999 9.282341e+00
2000 1.228501e+01
2001 1.483118e+01
2002 1.682650e+01
2003 1.819474e+01
2004 1.888312e+01
2005 1.886329e+01
2006 1.813526e+01
2007 1.672470e+01
2008 1.468165e+01
2009 1.207900e+01
2010 9.014786e+00
2011 5.611288e+00
2012 2.003469e+00
2013 -1.671169e+00
2014 -5.278459e+00
2015 -8.689722e+00
2016 -1.178555e+01
2017 -1.445722e+01
2018 -1.661022e+01
2019 -1.816500e+01
2020 -1.906086e+01
2021 -1.925976e+01
2022 -1.875048e+01
2023 -1.754817e+01
2024 -1.569629e+01
2025 -1.326520e+01
2026 -1.034954e+01
2027 -7.062308e+00
2028 -3.525971e+00
2029 1.336704e-01
2030 3.796988e+00
2031 7.347586e+00
2032 1.066803e+01
2033 1.364106e+01
2034 1.615506e+01
2035 1.811159e+01
2036 1.942846e+01
2037 2.004296e+01
2038 1.991409e+01
2039 1.903309e+01
2040 1.743036e+01
2041 1.517187e+01
2042 1.235084e+01
2043 9.077121e+00
2044 5.470666e+00
2045 1.659156e+00
2046 -2.225421e+00
2047 -6.050067e+00
2048 -9.681236e+00
2049 -1.298747e+01
2050 -1.584694e+01
2051 -1.815113e+01
2052 -1.980626e+01
2053 -2.073877e+01
2054 -2.090279e+01
2055 -2.028704e+01
2056 -1.891161e+01
2057 -1.682136e+01
2058 -1.408286e+01
2059 -1.078964e+01
2060 -7.064283e+00
2061 -3.053076e+00
2062 1.087204e+00
2063 5.203184e+00
2064 9.146476e+00
2065 1.277078e+01
2066 1.594102e+01
2067 1.854253e+01
2068 2.048535e+01
2069 2.169778e+01
2070 2.212771e+01
2071 2.174817e+01
2072 2.056483e+01
2073 1.862088e+01
2074 1.599281e+01
2075 1.278309e+01
2076 9.115045e+00
2077 5.125337e+00
2078 9.585195e-01
2079 -3.234535e+00
2080 -7.303219e+00
2081 -1.110733e+01
2082 -1.451635e+01
2083 -1.741183e+01
2084 -1.969257e+01
2085 -2.127797e+01
2086 -2.211233e+01
2087 -2.216481e+01
2088 -2.143047e+01
2089 -1.993226e+01
2090 -1.772059e+01
2091 -1.487144e+01
2092 -1.148815e+01
2093 -7.698275e+00
2094 -3.644380e+00
2095 5.275943e-01
2096 4.670046e+00
2097 8.635770e+00
2098 1.228452e+01
2099 1.549237e+01
2100 1.815557e+01
2101 2.019066e+01
2102 2.153172e+01
2103 2.212933e+01
2104 2.195296e+01
2105 2.099498e+01
2106 1.928001e+01
2107 1.686499e+01
2108 1.383390e+01
2109 1.029029e+01
2110 6.362921e+00
2111 2.199995e+00
2112 -2.041034e+00
2113 -6.202208e+00
2114 -1.013221e+01
2115 -1.369309e+01
2116 -1.676112e+01
2117 -1.922716e+01
2118 -2.099771e+01
2119 -2.200669e+01
2120 -2.222023e+01
2121 -2.163746e+01
2122 -2.027859e+01
2123 -1.818233e+01
2124 -1.541544e+01
2125 -1.207707e+01
2126 -8.291212e+00
2127 -4.197228e+00
2128 5.692652e-02
2129 4.318503e+00
2130 8.432039e+00
2131 1.224296e+01
2132 1.560533e+01
2133 1.839276e+01
2134 2.050171e+01
2135 2.185514e+01
2136 2.240953e+01
2137 2.215404e+01
2138 2.110782e+01
2139 1.931575e+01
2140 1.684548e+01
2141 1.378803e+01
2142 1.025579e+01
2143 6.376614e+00
2144 2.294219e+00
2145 -1.839669e+00
2146 -5.872736e+00
2147 -9.659154e+00
2148 -1.306661e+01
2149 -1.598294e+01
2150 -1.831166e+01
2151 -1.997419e+01
2152 -2.091144e+01
2153 -2.108569e+01
2154 -2.048336e+01
2155 -1.912466e+01
2156 -1.706815e+01
2157 -1.440451e+01
2158 -1.124463e+01
2159 -7.713213e+00
2160 -3.942825e+00
2161 -6.922786e-02
2162 3.770793e+00
2163 7.442038e+00
2164 1.081692e+01
2165 1.377866e+01
2166 1.622356e+01
2167 1.806182e+01
2168 1.921872e+01
2169 1.964714e+01
2170 1.933492e+01
2171 1.830716e+01
2172 1.662108e+01
2173 1.435629e+01
2174 1.160387e+01
2175 8.464586e+00
2176 5.050513e+00
2177 1.483906e+00
2178 -2.104249e+00
2179 -5.583526e+00
2180 -8.827748e+00
2181 -1.171867e+01
2182 -1.414646e+01
2183 -1.601690e+01
2184 -1.726114e+01
2185 -1.784269e+01
2186 -1.775389e+01
2187 -1.700860e+01
2188 -1.564102e+01
2189 -1.370988e+01
2190 -1.129876e+01
2191 -8.508409e+00
2192 -5.447149e+00
2193 -2.228575e+00
2194 1.029337e+00
2195 4.202892e+00
2196 7.168456e+00
2197 9.811186e+00
2198 1.203528e+01
2199 1.377286e+01
2200 1.497990e+01
2201 1.562750e+01
2202 1.570150e+01
2203 1.520574e+01
2204 1.416618e+01
2205 1.262723e+01
2206 1.064903e+01
2207 8.303724e+00
2208 5.674713e+00
2209 2.857824e+00
2210 -3.682902e-02
2211 -2.891685e+00
2212 -5.593981e+00
2213 -8.045239e+00
2214 -1.016137e+01
2215 -1.187209e+01
2216 -1.312316e+01
2217 -1.388334e+01
2218 -1.414457e+01
2219 -1.391996e+01
2220 -1.323935e+01
2221 -1.213935e+01
2222 -1.065828e+01
2223 -8.841510e+00
2224 -6.745058e+00
2225 -4.437673e+00
2226 -2.004423e+00
2227 4.619697e-01
2228 2.872391e+00
2229 5.149201e+00
2230 7.223102e+00
2231 9.030120e+00
2232 1.051116e+01
2233 1.161289e+01
2234 1.229094e+01
2235 1.251652e+01
2236 1.228172e+01
2237 1.159559e+01
2238 1.048435e+01
2239 8.989317e+00
2240 7.163736e+00
2241 5.077034e+00
2242 2.811620e+00
2243 4.568740e-01
2244 -1.895020e+00
2245 -4.152011e+00
2246 -6.225752e+00
2247 -8.033254e+00
2248 -9.499124e+00
2249 -1.056659e+01
2250 -1.120029e+01
2251 -1.138323e+01
2252 -1.111450e+01
2253 -1.040681e+01
2254 -9.283266e+00
2255 -7.782274e+00
2256 -5.962784e+00
2257 -3.904588e+00
2258 -1.702450e+00
2259 5.455552e-01
2260 2.741454e+00
2261 4.788618e+00
2262 6.596362e+00
2263 8.089336e+00
2264 9.212667e+00
2265 9.935680e+00
2266 1.024817e+01
2267 1.015256e+01
2268 9.661694e+00
2269 8.800610e+00
2270 7.603987e+00
2271 6.118340e+00
2272 4.406278e+00
2273 2.546729e+00
2274 6.269816e-01
2275 -1.264330e+00
2276 -3.041655e+00
2277 -4.632264e+00
2278 -5.980878e+00
2279 -7.046371e+00
2280 -7.798368e+00
2281 -8.211553e+00
2282 -8.266926e+00
2283 -7.960029e+00
2284 -7.299288e+00
2285 -6.311509e+00
2286 -5.044667e+00
2287 -3.564038e+00
2288 -1.944412e+00
2289 -2.650562e-01
2290 1.391724e+00
2291 2.950948e+00
2292 4.352897e+00
2293 5.551437e+00
2294 6.506151e+00
2295 7.176451e+00
2296 7.524800e+00
2297 7.525894e+00
2298 7.170586e+00
2299 6.470022e+00
2300 5.455251e+00
2301 4.175071e+00
2302 2.689813e+00
2303 1.067685e+00
2304 -6.191606e-01
2305 -2.299353e+00
2306 -3.902146e+00
2307 -5.357686e+00
2308 -6.597459e+00
2309 -7.562082e+00
2310 -8.202820e+00
2311 -8.487215e+00
2312 -8.397532e+00
2313 -7.930803e+00
2314 -7.103295e+00
2315 -5.952544e+00
2316 -4.530086e+00
2317 -2.893816e+00
2318 -1.102545e+00
2319 7.811388e-01
2320 2.686530e+00
2321 4.531887e+00
2322 6.231648e+00
2323 7.704964e+00
2324 8.882535e+00
2325 9.708400e+00
2326 1.014222e+01
2327 1.016026e+01
2328 9.755614e+00
2329 8.937764e+00
2330 7.731509e+00
2331 6.175298e+00
2332 4.314751e+00
2333 2.212501e+00
2334 -4.673263e-02
2335 -2.361533e+00
2336 -4.621514e+00
2337 -6.721011e+00
2338 -8.564885e+00
2339 -1.007085e+01
2340 -1.117317e+01
2341 -1.182073e+01
2342 -1.198277e+01
2343 -1.164769e+01
2344 -1.082327e+01
2345 -9.539713e+00
2346 -7.846852e+00
2347 -5.809684e+00
2348 -3.506757e+00
2349 -1.030213e+00
2350 1.515278e+00
2351 4.018788e+00
2352 6.376258e+00
2353 8.499802e+00
2354 1.031502e+01
2355 1.175431e+01
2356 1.275457e+01
2357 1.325997e+01
2358 1.323044e+01
2359 1.265228e+01
2360 1.154098e+01
2361 9.936750e+00
2362 7.902332e+00
2363 5.520794e+00
2364 2.893048e+00
2365 1.290524e-01
2366 -2.662533e+00
2367 -5.377715e+00
2368 -7.912846e+00
2369 -1.016369e+01
2370 -1.203267e+01
2371 -1.344140e+01
2372 -1.433640e+01
2373 -1.468521e+01
2374 -1.447057e+01
2375 -1.368876e+01
2376 -1.235448e+01
2377 -1.050900e+01
2378 -8.225831e+00
2379 -5.603008e+00
2380 -2.751176e+00
2381 2.138920e-01
2382 3.175150e+00
2383 6.016653e+00
2384 8.628068e+00
2385 1.090966e+01
2386 1.278119e+01
2387 1.418085e+01
2388 1.506088e+01
2389 1.538106e+01
2390 1.512033e+01
2391 1.428081e+01
2392 1.289144e+01
2393 1.100872e+01
2394 8.712839e+00
2395 6.099523e+00
2396 3.278152e+00
2397 3.640063e-01
2398 -2.529207e+00
2399 -5.297959e+00
2400 -7.849331e+00
2401 -1.009406e+01
2402 -1.194537e+01
2403 -1.332316e+01
2404 -1.416617e+01
2405 -1.444254e+01
2406 -1.415313e+01
2407 -1.332846e+01
2408 -1.201434e+01
2409 -1.026108e+01
2410 -8.127726e+00
2411 -5.686625e+00
2412 -3.023722e+00
2413 -2.332805e-01
2414 2.581169e+00
2415 5.311848e+00
2416 7.850161e+00
2417 1.009356e+01
2418 1.195251e+01
2419 1.335078e+01
2420 1.422785e+01
2421 1.454790e+01
2422 1.430638e+01
2423 1.352685e+01
2424 1.225535e+01
2425 1.055035e+01
2426 8.475594e+00
2427 6.104040e+00
2428 3.522332e+00
2429 8.265649e-01
2430 -1.884413e+00
2431 -4.515464e+00
2432 -6.973517e+00
2433 -9.170827e+00
2434 -1.102232e+01
2435 -1.245137e+01
2436 -1.339625e+01
2437 -1.381473e+01
2438 -1.368918e+01
2439 -1.303194e+01
2440 -1.188373e+01
2441 -1.030753e+01
2442 -8.381106e+00
2443 -6.190324e+00
2444 -3.822004e+00
2445 -1.363369e+00
2446 1.099855e+00
2447 3.486396e+00
2448 5.719185e+00
2449 7.724376e+00
2450 9.434168e+00
2451 1.078853e+01
2452 1.173610e+01
2453 1.223673e+01
2454 1.226589e+01
2455 1.182026e+01
2456 1.092459e+01
2457 9.629293e+00
2458 7.999334e+00
2459 6.102494e+00
2460 4.012301e+00
2461 1.810943e+00
2462 -4.171326e-01
2463 -2.595507e+00
2464 -4.653310e+00
2465 -6.517765e+00
2466 -8.116169e+00
2467 -9.384603e+00
2468 -1.027478e+01
2469 -1.076594e+01
2470 -1.086323e+01
2471 -1.058447e+01
2472 -9.951642e+00
2473 -8.988306e+00
2474 -7.727138e+00
2475 -6.212256e+00
2476 -4.499126e+00
2477 -2.648514e+00
2478 -7.240643e-01
2479 1.212366e+00
2480 3.096981e+00
2481 4.863442e+00
2482 6.444740e+00
2483 7.781106e+00
2484 8.824303e+00
2485 9.539029e+00
2486 9.898379e+00
2487 9.890672e+00
2488 9.517033e+00
2489 8.791514e+00
2490 7.741940e+00
2491 6.405119e+00
2492 4.823969e+00
2493 3.046954e+00
2494 1.136939e+00
2495 -8.316024e-01
2496 -2.778114e+00
2497 -4.626281e+00
2498 -6.310501e+00
2499 -7.772878e+00
2500 -8.959148e+00
2501 -9.821450e+00
2502 -1.032827e+01
2503 -1.046949e+01
2504 -1.024922e+01
2505 -9.676360e+00
2506 -8.766919e+00
2507 -7.548420e+00
2508 -6.061551e+00
2509 -4.359640e+00
2510 -2.505624e+00
2511 -5.710499e-01
2512 1.366277e+00
2513 3.229071e+00
2514 4.944176e+00
2515 6.446850e+00
2516 7.684733e+00
2517 8.619275e+00
2518 9.222591e+00
2519 9.478471e+00
2520 9.385583e+00
2521 8.959503e+00
2522 8.229490e+00
2523 7.231415e+00
2524 6.005293e+00
2525 4.590606e+00
2526 3.030038e+00
2527 1.375152e+00
2528 -3.151383e-01
2529 -1.978660e+00
2530 -3.552063e+00
2531 -4.971146e+00
2532 -6.179549e+00
2533 -7.136701e+00
2534 -7.816509e+00
2535 -8.203136e+00
2536 -8.285337e+00
2537 -8.061398e+00
2538 -7.540997e+00
2539 -6.744430e+00
2540 -5.700352e+00
2541 -4.451234e+00
2542 -3.053370e+00
2543 -1.567733e+00
2544 -5.388347e-02
2545 1.433707e+00
2546 2.841433e+00
2547 4.115368e+00
2548 5.207075e+00
2549 6.082109e+00
2550 6.718810e+00
2551 7.105067e+00
2552 7.238847e+00
2553 7.124966e+00
2554 6.772298e+00
2555 6.198140e+00
2556 5.431039e+00
2557 4.507690e+00
2558 3.468439e+00
2559 2.357910e+00
2560 1.219797e+00
2561 9.621855e-02
2562 -9.777652e-01
2563 -1.974803e+00
2564 -2.866001e+00
2565 -3.617495e+00
2566 -4.202706e+00
2567 -4.606956e+00
2568 -4.829944e+00
2569 -4.881070e+00
2570 -4.774335e+00
2571 -4.528971e+00
2572 -4.169589e+00
2573 -3.720766e+00
2574 -3.203240e+00
2575 -2.632440e+00
2576 -2.021538e+00
2577 -1.383939e+00
2578 -7.342728e-01
2579 -8.785160e-02
2580 5.396188e-01
2581 1.135439e+00
2582 1.690956e+00
2583 2.197959e+00
2584 2.645619e+00
2585 3.019445e+00
2586 3.304106e+00
2587 3.487559e+00
2588 3.565845e+00
2589 3.540925e+00
2590 3.416655e+00
2591 3.201183e+00
2592 2.908815e+00
2593 2.560115e+00
2594 2.172262e+00
2595 1.752621e+00
2596 1.302706e+00
2597 8.204410e-01
2598 2.998501e-01
2599 -2.641150e-01
2600 -8.652012e-01
2601 -1.480391e+00
2602 -2.076186e+00
2603 -2.621006e+00
2604 -3.088148e+00
2605 -3.456774e+00
2606 -3.717621e+00
2607 -3.870985e+00
2608 -3.920336e+00
2609 -3.868236e+00
2610 -3.713392e+00
2611 -3.453867e+00
2612 -3.089544e+00
2613 -2.627402e+00
2614 -2.077041e+00
2615 -1.446128e+00
2616 -7.444009e-01
2617 1.242229e-02
2618 7.982929e-01
2619 1.582012e+00
2620 2.332664e+00
2621 3.021300e+00
2622 3.620809e+00
2623 4.107144e+00
2624 4.460728e+00
2625 4.669676e+00
2626 4.729246e+00
2627 4.638809e+00
2628 4.395100e+00
2629 3.994761e+00
2630 3.443410e+00
2631 2.760632e+00
2632 1.978278e+00
2633 1.132987e+00
2634 2.589370e-01
2635 -6.190591e-01
2636 -1.482680e+00
2637 -2.314985e+00
2638 -3.095017e+00
2639 -3.797125e+00
2640 -4.390649e+00
2641 -4.841915e+00
2642 -5.118302e+00
2643 -5.194228e+00
2644 -5.057065e+00
2645 -4.710464e+00
2646 -4.168567e+00
2647 -3.451847e+00
2648 -2.586484e+00
2649 -1.599809e+00
2650 -5.238175e-01
2651 6.023711e-01
2652 1.733203e+00
2653 2.818602e+00
2654 3.805460e+00
2655 4.646658e+00
2656 5.303323e+00
2657 5.745370e+00
2658 5.951817e+00
2659 5.913413e+00
2660 5.632396e+00
2661 5.120838e+00
2662 4.397467e+00
2663 3.490140e+00
2664 2.436615e+00
2665 1.283684e+00
2666 8.007647e-02
2667 -1.124067e+00
2668 -2.281261e+00
2669 -3.344889e+00
2670 -4.265885e+00
2671 -5.000912e+00
2672 -5.522245e+00
2673 -5.819308e+00
2674 -5.890608e+00
2675 -5.738842e+00
2676 -5.367863e+00
2677 -4.789887e+00
2678 -4.027247e+00
2679 -3.107521e+00
2680 -2.061115e+00
2681 -9.238811e-01
2682 2.606342e-01
2683 1.439819e+00
2684 2.558353e+00
2685 3.562746e+00
2686 4.408531e+00
2687 5.064152e+00
2688 5.512274e+00
2689 5.747246e+00
2690 5.767619e+00
2691 5.571173e+00
2692 5.156823e+00
2693 4.531119e+00
2694 3.715789e+00
2695 2.746245e+00
2696 1.661131e+00
2697 4.968271e-01
2698 -7.085801e-01
2699 -1.909446e+00
2700 -3.053835e+00
2701 -4.089305e+00
2702 -4.972334e+00
2703 -5.669195e+00
2704 -6.152544e+00
2705 -6.406122e+00
2706 -6.426371e+00
2707 -6.216077e+00
2708 -5.777335e+00
2709 -5.111878e+00
2710 -4.231278e+00
2711 -3.164315e+00
2712 -1.948908e+00
2713 -6.331015e-01
2714 7.268864e-01
2715 2.070664e+00
2716 3.339933e+00
2717 4.480152e+00
2718 5.447614e+00
2719 6.212011e+00
2720 6.752862e+00
2721 7.057481e+00
2722 7.115263e+00
2723 6.918076e+00
2724 6.468765e+00
2725 5.780953e+00
2726 4.872352e+00
2727 3.767212e+00
2728 2.502203e+00
2729 1.128932e+00
2730 -2.961474e-01
2731 -1.715677e+00
2732 -3.073329e+00
2733 -4.313192e+00
2734 -5.381380e+00
2735 -6.228101e+00
2736 -6.814941e+00
2737 -7.123871e+00
2738 -7.155568e+00
2739 -6.918963e+00
2740 -6.427666e+00
2741 -5.703481e+00
2742 -4.775615e+00
2743 -3.673531e+00
2744 -2.430617e+00
2745 -1.086750e+00
2746 3.060600e-01
2747 1.682527e+00
2748 2.974431e+00
2749 4.119591e+00
2750 5.066341e+00
2751 5.776944e+00
2752 6.231831e+00
2753 6.423845e+00
2754 6.352289e+00
2755 6.019369e+00
2756 5.431893e+00
2757 4.603502e+00
2758 3.558731e+00
2759 2.332360e+00
2760 9.687512e-01
2761 -4.770386e-01
2762 -1.939752e+00
2763 -3.345830e+00
2764 -4.621208e+00
2765 -5.708414e+00
2766 -6.567143e+00
2767 -7.169310e+00
2768 -7.496775e+00
2769 -7.537165e+00
2770 -7.278881e+00
2771 -6.713570e+00
2772 -5.840507e+00
2773 -4.671423e+00
2774 -3.234661e+00
2775 -1.580818e+00
2776 2.165979e-01
2777 2.063937e+00
2778 3.864271e+00
2779 5.531882e+00
2780 6.994740e+00
2781 8.194991e+00
2782 9.087873e+00
2783 9.637671e+00
2784 9.818688e+00
2785 9.614314e+00
2786 9.017511e+00
2787 8.033731e+00
2788 6.685786e+00
2789 5.014826e+00
2790 3.079853e+00
2791 9.587461e-01
2792 -1.257973e+00
2793 -3.476554e+00
2794 -5.607884e+00
2795 -7.570619e+00
2796 -9.289027e+00
2797 -1.069179e+01
2798 -1.171680e+01
2799 -1.231465e+01
2800 -1.245396e+01
2801 -1.212010e+01
2802 -1.131249e+01
2803 -1.004762e+01
2804 -8.358563e+00
2805 -6.295976e+00
2806 -3.934322e+00
2807 -1.368225e+00
2808 1.293716e+00
2809 3.936069e+00
2810 6.444707e+00
2811 8.713591e+00
2812 1.065371e+01
2813 1.219709e+01
2814 1.328924e+01
2815 1.388993e+01
2816 1.397469e+01
2817 1.353894e+01
2818 1.259818e+01
2819 1.118609e+01
2820 9.352401e+00
2821 7.164201e+00
2822 4.702978e+00
2823 2.060444e+00
2824 -6.679660e-01
2825 -3.382237e+00
2826 -5.979023e+00
2827 -8.357955e+00
2828 -1.042777e+01
2829 -1.210653e+01
2830 -1.332282e+01
2831 -1.402172e+01
2832 -1.417516e+01
2833 -1.377887e+01
2834 -1.285086e+01
2835 -1.142790e+01
2836 -9.565558e+00
2837 -7.337649e+00
2838 -4.829200e+00
2839 -2.133990e+00
2840 6.464523e-01
2841 3.400593e+00
2842 6.011351e+00
2843 8.370710e+00
2844 1.039145e+01
2845 1.200444e+01
2846 1.315441e+01
2847 1.379882e+01
2848 1.391222e+01
2849 1.348496e+01
2850 1.252209e+01
2851 1.104952e+01
2852 9.116752e+00
2853 6.796256e+00
2854 4.186259e+00
2855 1.399946e+00
2856 -1.445632e+00
2857 -4.232222e+00
2858 -6.843564e+00
2859 -9.173191e+00
2860 -1.112900e+01
2861 -1.263387e+01
2862 -1.362810e+01
2863 -1.407392e+01
2864 -1.395906e+01
2865 -1.329632e+01
2866 -1.212061e+01
2867 -1.048832e+01
2868 -8.471416e+00
2869 -6.146098e+00
2870 -3.590976e+00
2871 -8.957308e-01
2872 1.837164e+00
2873 4.496428e+00
2874 6.969389e+00
2875 9.150718e+00
2876 1.095330e+01
2877 1.230932e+01
2878 1.316634e+01
2879 1.348769e+01
2880 1.326283e+01
2881 1.251186e+01
2882 1.128134e+01
2883 9.630911e+00
2884 7.628781e+00
2885 5.353753e+00
2886 2.894143e+00
2887 3.432678e-01
2888 -2.203868e+00
2889 -4.654297e+00
2890 -6.916924e+00
2891 -8.905053e+00
2892 -1.053839e+01
2893 -1.174813e+01
2894 -1.248794e+01
2895 -1.274106e+01
2896 -1.251697e+01
2897 -1.183860e+01
2898 -1.073795e+01
2899 -9.255482e+00
2900 -7.443905e+00
2901 -5.373860e+00
2902 -3.128244e+00
2903 -7.929259e-01
2904 1.544469e+00
2905 3.798923e+00
2906 5.890414e+00
2907 7.742832e+00
2908 9.287433e+00
2909 1.046849e+01
2910 1.124420e+01
2911 1.159110e+01
2912 1.150540e+01
2913 1.099676e+01
2914 1.008691e+01
2915 8.813255e+00
2916 7.229451e+00
2917 5.400152e+00
2918 3.398756e+00
2919 1.299539e+00
2920 -8.263309e-01
2921 -2.909150e+00
2922 -4.874993e+00
2923 -6.644823e+00
2924 -8.142752e+00
2925 -9.308097e+00
2926 -1.009508e+01
2927 -1.047150e+01
2928 -1.042095e+01
2929 -9.953439e+00
2930 -9.104224e+00
2931 -7.925322e+00
2932 -6.480829e+00
2933 -4.838221e+00
2934 -3.066720e+00
2935 -1.236130e+00
2936 5.845258e-01
2937 2.328909e+00
2938 3.938021e+00
2939 5.360664e+00
2940 6.548984e+00
2941 7.457974e+00
2942 8.050867e+00
2943 8.307083e+00
2944 8.224878e+00
2945 7.824595e+00
2946 7.138784e+00
2947 6.206648e+00
2948 5.072265e+00
2949 3.785538e+00
2950 2.401410e+00
2951 9.745439e-01
2952 -4.406405e-01
2953 -1.795706e+00
2954 -3.040647e+00
2955 -4.122036e+00
2956 -4.990806e+00
2957 -5.612798e+00
2958 -5.974057e+00
2959 -6.075731e+00
2960 -5.927828e+00
2961 -5.547863e+00
2962 -4.959275e+00
2963 -4.192047e+00
2964 -3.278678e+00
2965 -2.254171e+00
2966 -1.159516e+00
2967 -4.295692e-02
2968 1.043778e+00
2969 2.050126e+00
2970 2.926456e+00
2971 3.632909e+00
2972 4.146644e+00
2973 4.467473e+00
2974 4.608508e+00
2975 4.583440e+00
2976 4.400010e+00
2977 4.061874e+00
2978 3.570352e+00
2979 2.931185e+00
2980 2.161564e+00
2981 1.290970e+00
2982 3.603408e-01
2983 -5.846636e-01
2984 -1.501718e+00
2985 -2.354881e+00
2986 -3.112877e+00
2987 -3.745824e+00
2988 -4.230728e+00
2989 -4.555543e+00
2990 -4.713022e+00
2991 -4.701817e+00
2992 -4.520303e+00
2993 -4.173019e+00
2994 -3.674299e+00
2995 -3.047644e+00
2996 -2.323881e+00
2997 -1.537911e+00
2998 -7.254060e-01
2999 7.929036e-02
3000 8.458541e-01
3001 1.553812e+00
3002 2.191068e+00
3003 2.745900e+00
3004 3.199437e+00
3005 3.530518e+00
3006 3.720954e+00
3007 3.758111e+00
3008 3.633273e+00
3009 3.342768e+00
3010 2.898035e+00
3011 2.326963e+00
3012 1.668722e+00
3013 9.643133e-01
3014 2.491577e-01
3015 -4.465776e-01
3016 -1.090026e+00
3017 -1.649486e+00
3018 -2.101514e+00
3019 -2.434574e+00
3020 -2.645026e+00
3021 -2.734897e+00
3022 -2.708827e+00
3023 -2.571096e+00
3024 -2.322801e+00
3025 -1.964697e+00
3026 -1.503847e+00
3027 -9.630969e-01
3028 -3.729255e-01
3029 2.359011e-01
3030 8.305877e-01
3031 1.378149e+00
3032 1.845826e+00
3033 2.204074e+00
3034 2.434262e+00
3035 2.532679e+00
3036 2.508441e+00
3037 2.378509e+00
3038 2.157887e+00
3039 1.858466e+00
3040 1.487378e+00
3041 1.054079e+00
3042 5.765206e-01
3043 7.545476e-02
3044 -4.322544e-01
3045 -9.294852e-01
3046 -1.391820e+00
3047 -1.785558e+00
3048 -2.077521e+00
3049 -2.245670e+00
3050 -2.287344e+00
3051 -2.215994e+00
3052 -2.051806e+00
3053 -1.815405e+00
3054 -1.524261e+00
3055 -1.191761e+00
3056 -8.288707e-01
3057 -4.465270e-01
3058 -5.725377e-02
3059 3.178352e-01
3060 6.502185e-01
3061 9.117216e-01
3062 1.079832e+00
3063 1.140969e+00
3064 1.091087e+00
3065 9.381257e-01
3066 6.979708e-01
3067 3.934413e-01
3068 5.359578e-02
3069 -2.919108e-01
3070 -6.244650e-01
3071 -9.398401e-01
3072 -1.238774e+00
3073 -1.518287e+00
3074 -1.765036e+00
3075 -1.953686e+00
3076 -2.052981e+00
3077 -2.038266e+00
3078 -1.898364e+00
3079 -1.631550e+00
3080 -1.249232e+00
3081 -7.782774e-01
3082 -2.587722e-01
3083 2.687570e-01
3084 7.740421e-01
3085 1.239200e+00
3086 1.654980e+00
3087 2.018550e+00
3088 2.330727e+00
3089 2.583194e+00
3090 2.755287e+00
3091 2.821703e+00
3092 2.760331e+00
3093 2.558633e+00
3094 2.218503e+00
3095 1.752609e+00
3096 1.186411e+00
3097 5.562589e-01
3098 -9.293982e-02
3099 -7.201506e-01
3100 -1.299992e+00
3101 -1.826066e+00
3102 -2.292431e+00
3103 -2.682187e+00
3104 -2.970071e+00
3105 -3.131433e+00
3106 -3.153534e+00
3107 -3.037282e+00
3108 -2.792147e+00
3109 -2.430529e+00
3110 -1.964387e+00
3111 -1.402354e+00
3112 -7.520047e-01
3113 -2.853593e-02
3114 7.329165e-01
3115 1.482345e+00
3116 2.169405e+00
3117 2.750363e+00
3118 3.188715e+00
3119 3.460241e+00
3120 3.555361e+00
3121 3.477174e+00
3122 3.236075e+00
3123 2.843276e+00
3124 2.311498e+00
3125 1.660625e+00
3126 9.198760e-01
3127 1.236893e-01
3128 -6.918981e-01
3129 -1.490460e+00
3130 -2.236533e+00
3131 -2.897505e+00
3132 -3.444737e+00
3133 -3.853590e+00
3134 -4.102504e+00
3135 -4.172337e+00
3136 -4.049738e+00
3137 -3.735202e+00
3138 -3.240651e+00
3139 -2.588684e+00
3140 -1.807389e+00
3141 -9.301302e-01
3142 6.344300e-03
3143 9.656241e-01
3144 1.911483e+00
3145 2.809422e+00
3146 3.625087e+00
3147 4.322188e+00
3148 4.869684e+00
3149 5.246816e+00
3150 5.438546e+00
3151 5.432044e+00
3152 5.217149e+00
3153 4.793427e+00
3154 4.176210e+00
3155 3.391339e+00
3156 2.465533e+00
3157 1.426798e+00
3158 3.105432e-01
3159 -8.413344e-01
3160 -1.987970e+00
3161 -3.091307e+00
3162 -4.113567e+00
3163 -5.018502e+00
3164 -5.769014e+00
3165 -6.331283e+00
3166 -6.677454e+00
3167 -6.790645e+00
3168 -6.661858e+00
3169 -6.291059e+00
3170 -5.682579e+00
3171 -4.846161e+00
3172 -3.804582e+00
3173 -2.593506e+00
3174 -1.263590e+00
3175 1.247218e-01
3176 1.507184e+00
3177 2.821446e+00
3178 4.013588e+00
3179 5.043439e+00
3180 5.881236e+00
3181 6.504946e+00
3182 6.899279e+00
3183 7.051522e+00
3184 6.952272e+00
3185 6.596516e+00
3186 5.987289e+00
3187 5.145185e+00
3188 4.105775e+00
3189 2.913638e+00
3190 1.614401e+00
3191 2.575705e-01
3192 -1.103357e+00
3193 -2.418927e+00
3194 -3.643859e+00
3195 -4.730567e+00
3196 -5.629635e+00
3197 -6.296187e+00
3198 -6.695908e+00
3199 -6.815438e+00
3200 -6.660884e+00
3201 -6.255574e+00
3202 -5.628648e+00
3203 -4.803533e+00
3204 -3.797492e+00
3205 -2.633223e+00
3206 -1.344805e+00
3207 2.225497e-02
3208 1.416984e+00
3209 2.778729e+00
3210 4.040926e+00
3211 5.137893e+00
3212 6.013256e+00
3213 6.626890e+00
3214 6.952261e+00
3215 6.976819e+00
3216 6.701425e+00
3217 6.140542e+00
3218 5.319184e+00
3219 4.274877e+00
3220 3.052898e+00
3221 1.708564e+00
3222 3.068777e-01
3223 -1.083531e+00
3224 -2.400625e+00
3225 -3.591555e+00
3226 -4.613874e+00
3227 -5.431016e+00
3228 -6.010655e+00
3229 -6.329377e+00
3230 -6.372600e+00
3231 -6.136418e+00
3232 -5.627642e+00
3233 -4.860062e+00
3234 -3.851259e+00
3235 -2.632930e+00
3236 -1.256879e+00
3237 2.072907e-01
3238 1.686457e+00
3239 3.111648e+00
3240 4.415229e+00
3241 5.531064e+00
3242 6.396875e+00
3243 6.960646e+00
3244 7.188161e+00
3245 7.070496e+00
3246 6.619887e+00
3247 5.860317e+00
3248 4.828857e+00
3249 3.572385e+00
3250 2.147406e+00
3251 6.136989e-01
3252 -9.667430e-01
3253 -2.529661e+00
3254 -4.009436e+00
3255 -5.338056e+00
3256 -6.447439e+00
3257 -7.277230e+00
3258 -7.781780e+00
3259 -7.931094e+00
3260 -7.710348e+00
3261 -7.125974e+00
3262 -6.207053e+00
3263 -4.997827e+00
3264 -3.555618e+00
3265 -1.946604e+00
3266 -2.434167e-01
3267 1.476320e+00
3268 3.137488e+00
3269 4.674444e+00
3270 6.024580e+00
3271 7.126851e+00
3272 7.923686e+00
3273 8.371716e+00
3274 8.445276e+00
3275 8.135050e+00
3276 7.449128e+00
3277 6.417061e+00
3278 5.093330e+00
3279 3.544786e+00
3280 1.836511e+00
3281 3.279609e-02
3282 -1.796367e+00
3283 -3.575381e+00
3284 -5.230491e+00
3285 -6.692603e+00
3286 -7.903826e+00
3287 -8.813615e+00
3288 -9.377023e+00
3289 -9.558671e+00
3290 -9.340292e+00
3291 -8.725592e+00
3292 -7.737396e+00
3293 -6.413410e+00
3294 -4.805060e+00
3295 -2.975199e+00
3296 -9.939303e-01
3297 1.064571e+00
3298 3.122052e+00
3299 5.094133e+00
3300 6.899935e+00
3301 8.470613e+00
3302 9.751697e+00
3303 1.069729e+01
3304 1.126771e+01
3305 1.142632e+01
3306 1.114817e+01
3307 1.042488e+01
3308 9.266418e+00
3309 7.704076e+00
3310 5.792665e+00
3311 3.605882e+00
3312 1.230589e+00
3313 -1.237667e+00
3314 -3.700546e+00
3315 -6.060311e+00
3316 -8.224764e+00
3317 -1.010579e+01
3318 -1.162019e+01
3319 -1.270069e+01
3320 -1.329765e+01
3321 -1.338146e+01
3322 -1.294659e+01
3323 -1.200072e+01
3324 -1.056823e+01
3325 -8.687539e+00
3326 -6.418476e+00
3327 -3.843089e+00
3328 -1.057337e+00
3329 1.836514e+00
3330 4.729737e+00
3331 7.501784e+00
3332 1.002336e+01
3333 1.217253e+01
3334 1.384880e+01
3335 1.498467e+01
3336 1.554552e+01
3337 1.552146e+01
3338 1.491534e+01
3339 1.374179e+01
3340 1.202845e+01
3341 9.821668e+00
3342 7.191616e+00
3343 4.232074e+00
3344 1.056901e+00
3345 -2.207024e+00
3346 -5.431066e+00
3347 -8.487505e+00
3348 -1.125387e+01
3349 -1.361317e+01
3350 -1.546386e+01
3351 -1.673370e+01
3352 -1.737973e+01
3353 -1.737891e+01
3354 -1.672131e+01
3355 -1.541298e+01
3356 -1.348848e+01
3357 -1.101401e+01
3358 -8.079086e+00
3359 -4.783619e+00
3360 -1.239407e+00
3361 2.424930e+00
3362 6.065605e+00
3363 9.529940e+00
3364 1.267633e+01
3365 1.538407e+01
3366 1.755426e+01
3367 1.910011e+01
3368 1.994529e+01
3369 2.003556e+01
3370 1.935179e+01
3371 1.790815e+01
3372 1.574797e+01
3373 1.293610e+01
3374 9.562467e+00
3375 5.750122e+00
3376 1.654428e+00
3377 -2.548356e+00
3378 -6.683028e+00
3379 -1.059147e+01
3380 -1.413201e+01
3381 -1.717764e+01
3382 -1.961545e+01
3383 -2.134467e+01
3384 -2.228699e+01
3385 -2.239176e+01
3386 -2.163905e+01
3387 -2.004069e+01
3388 -1.764215e+01
3389 -1.452748e+01
3390 -1.082379e+01
3391 -6.695815e+00
3392 -2.327231e+00
3393 2.095738e+00
3394 6.398773e+00
3395 1.042872e+01
3396 1.405196e+01
3397 1.715115e+01
3398 1.962506e+01
3399 2.138846e+01
3400 2.237150e+01
3401 2.252673e+01
3402 2.183829e+01
3403 2.032691e+01
3404 1.804779e+01
3405 1.508860e+01
3406 1.157044e+01
3407 7.640456e+00
3408 3.459152e+00
3409 -8.122394e-01
3410 -5.020022e+00
3411 -9.020407e+00
3412 -1.267988e+01
3413 -1.587560e+01
3414 -1.850207e+01
3415 -2.047361e+01
3416 -2.172803e+01
3417 -2.222633e+01
3418 -2.194601e+01
3419 -2.088589e+01
3420 -1.907428e+01
3421 -1.656364e+01
3422 -1.343446e+01
3423 -9.797005e+00
3424 -5.792271e+00
3425 -1.583436e+00
3426 2.662687e+00
3427 6.790545e+00
3428 1.065677e+01
3429 1.412660e+01
3430 1.707098e+01
3431 1.937579e+01
3432 2.095220e+01
3433 2.174494e+01
3434 2.173201e+01
3435 2.091959e+01
3436 1.933525e+01
3437 1.702125e+01
3438 1.404264e+01
3439 1.049859e+01
3440 6.524363e+00
3441 2.277999e+00
3442 -2.067258e+00
3443 -6.330672e+00
3444 -1.033342e+01
3445 -1.391291e+01
3446 -1.693254e+01
3447 -1.928136e+01
3448 -2.087770e+01
3449 -2.167256e+01
3450 -2.164925e+01
3451 -2.081791e+01
3452 -1.921889e+01
3453 -1.691913e+01
3454 -1.400437e+01
3455 -1.058041e+01
3456 -6.770838e+00
3457 -2.718643e+00
3458 1.420071e+00
3459 5.486330e+00
3460 9.330635e+00
3461 1.281840e+01
3462 1.582561e+01
3463 1.824019e+01
3464 1.996202e+01
3465 2.091579e+01
3466 2.106233e+01
3467 2.039782e+01
3468 1.894974e+01
3469 1.677147e+01
3470 1.395030e+01
3471 1.060688e+01
3472 6.886595e+00
3473 2.941273e+00
3474 -1.079235e+00
3475 -5.024593e+00
3476 -8.743180e+00
3477 -1.208573e+01
3478 -1.491912e+01
3479 -1.713458e+01
3480 -1.865034e+01
3481 -1.941218e+01
3482 -1.940075e+01
3483 -1.863013e+01
3484 -1.713630e+01
3485 -1.498008e+01
3486 -1.224906e+01
3487 -9.058677e+00
3488 -5.545152e+00
3489 -1.852619e+00
3490 1.878585e+00
3491 5.519052e+00
3492 8.946096e+00
3493 1.203967e+01
3494 1.468304e+01
3495 1.677695e+01
3496 1.824346e+01
3497 1.902235e+01
3498 1.907324e+01
3499 1.838542e+01
3500 1.698365e+01
3501 1.493007e+01
3502 1.231871e+01
3503 9.264402e+00
3504 5.885911e+00
3505 2.307263e+00
3506 -1.343451e+00
3507 -4.935413e+00
3508 -8.341188e+00
3509 -1.144374e+01
3510 -1.413360e+01
3511 -1.630876e+01
3512 -1.788120e+01
3513 -1.878236e+01
3514 -1.896660e+01
3515 -1.841421e+01
3516 -1.713117e+01
3517 -1.515550e+01
3518 -1.256548e+01
3519 -9.473804e+00
3520 -6.016333e+00
3521 -2.338712e+00
3522 1.408629e+00
3523 5.076934e+00
3524 8.532491e+00
3525 1.166777e+01
3526 1.439320e+01
3527 1.662337e+01
3528 1.827291e+01
3529 1.926732e+01
3530 1.955352e+01
3531 1.911060e+01
3532 1.794655e+01
3533 1.609258e+01
3534 1.360448e+01
3535 1.056584e+01
3536 7.096592e+00
3537 3.345703e+00
3538 -5.277963e-01
3539 -4.371043e+00
3540 -8.035117e+00
3541 -1.137130e+01
3542 -1.424573e+01
3543 -1.655514e+01
3544 -1.822406e+01
3545 -1.920121e+01
3546 -1.945365e+01
3547 -1.897103e+01
3548 -1.777482e+01
3549 -1.591540e+01
3550 -1.346620e+01
3551 -1.051732e+01
3552 -7.177026e+00
3553 -3.568024e+00
3554 1.771460e-01
3555 3.917703e+00
3556 7.505629e+00
3557 1.079749e+01
3558 1.365785e+01
3559 1.596497e+01
3560 1.762550e+01
3561 1.858379e+01
3562 1.882010e+01
3563 1.834393e+01
3564 1.718756e+01
3565 1.540527e+01
3566 1.307144e+01
3567 1.027515e+01
3568 7.112643e+00
3569 3.687284e+00
3570 1.079806e-01
3571 -3.501758e+00
3572 -7.003187e+00
3573 -1.025079e+01
3574 -1.310822e+01
3575 -1.545655e+01
3576 -1.719805e+01
3577 -1.826737e+01
3578 -1.863357e+01
3579 -1.830084e+01
3580 -1.729737e+01
3581 -1.566279e+01
3582 -1.344781e+01
3583 -1.072413e+01
3584 -7.591074e+00
3585 -4.169027e+00
3586 -5.897453e-01
3587 3.015363e+00
3588 6.517859e+00
3589 9.794370e+00
3590 1.272371e+01
3591 1.519426e+01
3592 1.710767e+01
3593 1.838230e+01
3594 1.895419e+01
3595 1.878482e+01
3596 1.787250e+01
3597 1.625219e+01
3598 1.398545e+01
3599 1.115936e+01
3600 7.887368e+00
3601 4.313909e+00
3602 6.015815e-01
3603 -3.089174e+00
3604 -6.618724e+00
3605 -9.857525e+00
3606 -1.267905e+01
3607 -1.497318e+01
3608 -1.665655e+01
3609 -1.766763e+01
3610 -1.796896e+01
3611 -1.755294e+01
3612 -1.644709e+01
3613 -1.470936e+01
3614 -1.241838e+01
3615 -9.661394e+00
3616 -6.536192e+00
3617 -3.159874e+00
3618 3.284180e-01
3619 3.780135e+00
3620 7.059951e+00
3621 1.004194e+01
3622 1.261169e+01
3623 1.467120e+01
3624 1.614650e+01
3625 1.699186e+01
3626 1.718867e+01
3627 1.674009e+01
3628 1.566601e+01
3629 1.401166e+01
3630 1.184362e+01
3631 9.244577e+00
3632 6.306862e+00
3633 3.134845e+00
3634 -1.577234e-01
3635 -3.439568e+00
3636 -6.566286e+00
3637 -9.401477e+00
3638 -1.183139e+01
3639 -1.376765e+01
3640 -1.514949e+01
3641 -1.593876e+01
3642 -1.611222e+01
3643 -1.566473e+01
3644 -1.461647e+01
3645 -1.301679e+01
3646 -1.093319e+01
3647 -8.446017e+00
3648 -5.646259e+00
3649 -2.637693e+00
3650 4.691448e-01
3651 3.562744e+00
3652 6.523376e+00
3653 9.230903e+00
3654 1.157178e+01
3655 1.345770e+01
3656 1.482915e+01
3657 1.564357e+01
3658 1.586944e+01
3659 1.549203e+01
3660 1.451845e+01
3661 1.298416e+01
3662 1.094668e+01
3663 8.485628e+00
3664 5.696482e+00
3665 2.690394e+00
3666 -4.113968e-01
3667 -3.488550e+00
3668 -6.431357e+00
3669 -9.138268e+00
3670 -1.151547e+01
3671 -1.347624e+01
3672 -1.494456e+01
3673 -1.586323e+01
3674 -1.619299e+01
3675 -1.591354e+01
3676 -1.502896e+01
3677 -1.356729e+01
3678 -1.158442e+01
3679 -9.153830e+00
3680 -6.363146e+00
3681 -3.316995e+00
3682 -1.330688e-01
3683 3.068485e+00
3684 6.172643e+00
3685 9.067219e+00
3686 1.164643e+01
3687 1.381867e+01
3688 1.550494e+01
3689 1.663704e+01
3690 1.716471e+01
3691 1.706033e+01
3692 1.632374e+01
3693 1.498255e+01
3694 1.309201e+01
3695 1.072774e+01
3696 7.983176e+00
3697 4.959977e+00
3698 1.758519e+00
3699 -1.523589e+00
3700 -4.789820e+00
3701 -7.936348e+00
3702 -1.084503e+01
3703 -1.338922e+01
3704 -1.545132e+01
3705 -1.693334e+01
3706 -1.776284e+01
3707 -1.789875e+01
3708 -1.733692e+01
3709 -1.611185e+01
3710 -1.428709e+01
3711 -1.194169e+01
3712 -9.166390e+00
3713 -6.063927e+00
3714 -2.745470e+00
3715 6.702910e-01
3716 4.057215e+00
3717 7.282283e+00
3718 1.021910e+01
3719 1.275952e+01
3720 1.481886e+01
3721 1.633146e+01
3722 1.724595e+01
3723 1.752613e+01
3724 1.716083e+01
3725 1.616187e+01
3726 1.456060e+01
3727 1.240802e+01
3728 9.771334e+00
3729 6.744339e+00
3730 3.447472e+00
3731 1.894799e-02
3732 -3.395625e+00
3733 -6.650442e+00
3734 -9.615756e+00
3735 -1.218864e+01
3736 -1.428852e+01
3737 -1.584970e+01
3738 -1.682271e+01
3739 -1.717739e+01
3740 -1.691017e+01
3741 -1.604297e+01
3742 -1.461266e+01
3743 -1.266494e+01
3744 -1.026266e+01
3745 -7.485863e+00
3746 -4.431852e+00
3747 -1.213245e+00
3748 2.050601e+00
3749 5.239692e+00
3750 8.231053e+00
3751 1.090158e+01
3752 1.313996e+01
3753 1.485826e+01
3754 1.600284e+01
3755 1.654749e+01
3756 1.648573e+01
3757 1.582702e+01
3758 1.459606e+01
3759 1.283712e+01
3760 1.061077e+01
3761 7.985599e+00
3762 5.044064e+00
3763 1.883881e+00
3764 -1.380496e+00
3765 -4.621399e+00
3766 -7.695918e+00
3767 -1.046181e+01
3768 -1.279909e+01
3769 -1.462554e+01
3770 -1.589162e+01
3771 -1.656644e+01
3772 -1.663149e+01
3773 -1.607934e+01
3774 -1.492198e+01
3775 -1.319499e+01
3776 -1.096161e+01
3777 -8.306036e+00
3778 -5.327399e+00
3779 -2.131123e+00
3780 1.172551e+00
3781 4.465740e+00
3782 7.615502e+00
3783 1.048620e+01
3784 1.296244e+01
3785 1.495421e+01
3786 1.639509e+01
3787 1.724055e+01
3788 1.746722e+01
3789 1.707239e+01
3790 1.606772e+01
3791 1.447764e+01
3792 1.234584e+01
3793 9.742403e+00
3794 6.757778e+00
3795 3.498351e+00
3796 8.719973e-02
3797 -3.340787e+00
3798 -6.648350e+00
3799 -9.706129e+00
3800 -1.240501e+01
3801 -1.465939e+01
3802 -1.639728e+01
3803 -1.755227e+01
3804 -1.806969e+01
3805 -1.791849e+01
3806 -1.709737e+01
3807 -1.563687e+01
3808 -1.359395e+01
3809 -1.105261e+01
3810 -8.125440e+00
3811 -4.943752e+00
3812 -1.637622e+00
3813 1.681321e+00
3814 4.916847e+00
3815 7.975603e+00
3816 1.075339e+01
3817 1.314497e+01
3818 1.505637e+01
3819 1.641419e+01
3820 1.716903e+01
3821 1.729528e+01
3822 1.679058e+01
3823 1.567594e+01
3824 1.399492e+01
3825 1.181511e+01
3826 9.225554e+00
3827 6.329827e+00
3828 3.236971e+00
3829 5.931295e-02
3830 -3.092004e+00
3831 -6.110766e+00
3832 -8.890277e+00
3833 -1.132544e+01
3834 -1.331558e+01
3835 -1.477642e+01
3836 -1.565016e+01
3837 -1.590627e+01
3838 -1.553378e+01
3839 -1.454035e+01
3840 -1.296397e+01
3841 -1.087568e+01
3842 -8.372719e+00
3843 -5.560657e+00
3844 -2.548464e+00
3845 5.440748e-01
3846 3.585577e+00
3847 6.449524e+00
3848 9.038628e+00
3849 1.129103e+01
3850 1.315332e+01
3851 1.456621e+01
3852 1.546914e+01
3853 1.581531e+01
3854 1.557967e+01
3855 1.475674e+01
3856 1.335940e+01
3857 1.141746e+01
3858 8.986353e+00
3859 6.164623e+00
3860 3.095387e+00
3861 -5.852679e-02
3862 -3.137089e+00
3863 -6.002680e+00
3864 -8.546124e+00
3865 -1.069102e+01
3866 -1.238141e+01
3867 -1.357418e+01
3868 -1.424012e+01
3869 -1.436639e+01
3870 -1.395705e+01
3871 -1.303179e+01
3872 -1.162379e+01
3873 -9.778813e+00
3874 -7.562510e+00
3875 -5.061238e+00
3876 -2.377217e+00
3877 3.863498e-01
3878 3.129900e+00
3879 5.753927e+00
3880 8.153881e+00
3881 1.022724e+01
3882 1.188800e+01
3883 1.307525e+01
3884 1.376025e+01
3885 1.394366e+01
3886 1.364754e+01
3887 1.290096e+01
3888 1.174054e+01
3889 1.020589e+01
3890 8.339808e+00
3891 6.191028e+00
3892 3.818476e+00
3893 1.293910e+00
3894 -1.297962e+00
3895 -3.863470e+00
3896 -6.304544e+00
3897 -8.519421e+00
3898 -1.040984e+01
3899 -1.190001e+01
3900 -1.294444e+01
3901 -1.352852e+01
3902 -1.365783e+01
3903 -1.333648e+01
3904 -1.256476e+01
3905 -1.134990e+01
3906 -9.716716e+00
3907 -7.710862e+00
3908 -5.400082e+00
3909 -2.875032e+00
3910 -2.432666e-01
3911 2.382712e+00
3912 4.897630e+00
3913 7.213482e+00
3914 9.265162e+00
3915 1.100290e+01
3916 1.238009e+01
3917 1.334839e+01
3918 1.386198e+01
3919 1.388696e+01
3920 1.340363e+01
3921 1.241148e+01
3922 1.093791e+01
3923 9.037288e+00
3924 6.791767e+00
3925 4.297012e+00
3926 1.658912e+00
3927 -1.011851e+00
3928 -3.606877e+00
3929 -6.026280e+00
3930 -8.181772e+00
3931 -9.998381e+00
3932 -1.141791e+01
3933 -1.239304e+01
3934 -1.288815e+01
3935 -1.288128e+01
3936 -1.237014e+01
3937 -1.138225e+01
3938 -9.971014e+00
3939 -8.209750e+00
3940 -6.183407e+00
3941 -3.977690e+00
3942 -1.673622e+00
3943 6.539396e-01
3944 2.929366e+00
3945 5.073681e+00
3946 7.004137e+00
3947 8.646944e+00
3948 9.941564e+00
3949 1.083766e+01
3950 1.129584e+01
3951 1.129212e+01
3952 1.081874e+01
3953 9.891929e+00
3954 8.553605e+00
3955 6.876331e+00
3956 4.942567e+00
3957 2.835184e+00
3958 6.287550e-01
3959 -1.609108e+00
3960 -3.802419e+00
3961 -5.866351e+00
3962 -7.711229e+00
3963 -9.262143e+00
3964 -1.046402e+01
3965 -1.128265e+01
3966 -1.169534e+01
3967 -1.169471e+01
3968 -1.128523e+01
3969 -1.048116e+01
3970 -9.308914e+00
3971 -7.807805e+00
3972 -6.027884e+00
3973 -4.030008e+00
3974 -1.889921e+00
3975 3.043051e-01
3976 2.467511e+00
3977 4.527864e+00
3978 6.423917e+00
3979 8.095019e+00
3980 9.480405e+00
3981 1.052743e+01
3982 1.119399e+01
3983 1.145054e+01
3984 1.128198e+01
3985 1.069113e+01
3986 9.703538e+00
3987 8.367046e+00
3988 6.745754e+00
3989 4.909864e+00
3990 2.937810e+00
3991 9.072036e-01
3992 -1.101641e+00
3993 -3.015905e+00
3994 -4.772479e+00
3995 -6.313602e+00
3996 -7.583511e+00
3997 -8.534136e+00
3998 -9.129428e+00
3999 -9.349000e+00
4000 -9.190188e+00
4001 -8.667362e+00
4002 -7.810858e+00
4003 -6.668631e+00
4004 -5.303240e+00
4005 -3.784858e+00
4006 -2.183151e+00
4007 -5.627210e-01
4008 1.024560e+00
4009 2.532892e+00
4010 3.922068e+00
4011 5.143709e+00
4012 6.142413e+00
4013 6.866893e+00
4014 7.289486e+00
4015 7.405747e+00
4016 7.232313e+00
4017 6.803286e+00
4018 6.154665e+00
4019 5.311719e+00
4020 4.293539e+00
4021 3.119851e+00
4022 1.813912e+00
4023 4.125620e-01
4024 -1.028634e+00
4025 -2.443605e+00
4026 -3.766460e+00
4027 -4.932605e+00
4028 -5.887615e+00
4029 -6.591224e+00
4030 -7.024758e+00
4031 -7.187311e+00
4032 -7.091822e+00
4033 -6.756134e+00
4034 -6.201578e+00
4035 -5.451915e+00
4036 -4.532351e+00
4037 -3.465948e+00
4038 -2.279514e+00
4039 -1.017382e+00
4040 2.627273e-01
4041 1.502971e+00
4042 2.654738e+00
4043 3.679255e+00
4044 4.547136e+00
4045 5.238272e+00
4046 5.741681e+00
4047 6.054825e+00
4048 6.177749e+00
4049 6.110878e+00
4050 5.855034e+00
4051 5.412559e+00
4052 4.786328e+00
4053 3.982972e+00
4054 3.024955e+00
4055 1.949703e+00
4056 8.077191e-01
4057 -3.493809e-01
4058 -1.477111e+00
4059 -2.533657e+00
4060 -3.481896e+00
4061 -4.288567e+00
4062 -4.928577e+00
4063 -5.391044e+00
4064 -5.675433e+00
4065 -5.782064e+00
4066 -5.708579e+00
4067 -5.440531e+00
4068 -4.958965e+00
4069 -4.255721e+00
4070 -3.344663e+00
4071 -2.268309e+00
4072 -1.083013e+00
4073 1.550854e-01
4074 1.399228e+00
4075 2.599695e+00
4076 3.700792e+00
4077 4.654924e+00
4078 5.433566e+00
4079 6.028090e+00
4080 6.431756e+00
4081 6.624744e+00
4082 6.580451e+00
4083 6.277736e+00
4084 5.714021e+00
4085 4.902132e+00
4086 3.863940e+00
4087 2.633196e+00
4088 1.261077e+00
4089 -1.907390e-01
4090 -1.661239e+00
4091 -3.086446e+00
4092 -4.409240e+00
4093 -5.582346e+00
4094 -6.567844e+00
4095 -7.332462e+00
4096 -7.844344e+00
4097 -8.075156e+00
4098 -8.008219e+00
4099 -7.647500e+00
4100 -7.014055e+00
4101 -6.137095e+00
4102 -5.049702e+00
4103 -3.788337e+00
4104 -2.395998e+00
4105 -9.271706e-01
4106 5.529262e-01
4107 1.987360e+00
4108 3.332902e+00
4109 4.553687e+00
4110 5.613531e+00
4111 6.468943e+00
4112 7.074191e+00
4113 7.392847e+00
4114 7.409267e+00
4115 7.128015e+00
4116 6.568838e+00
4117 5.757621e+00
4118 4.723888e+00
4119 3.511716e+00
4120 2.185875e+00
4121 8.216232e-01
4122 -5.191743e-01
4123 -1.794484e+00
4124 -2.973474e+00
4125 -4.026672e+00
4126 -4.919466e+00
4127 -5.615254e+00
4128 -6.078133e+00
4129 -6.280609e+00
4130 -6.209952e+00
4131 -5.861817e+00
4132 -5.246141e+00
4133 -4.394970e+00
4134 -3.367879e+00
4135 -2.240398e+00
4136 -1.077929e+00
4137 7.432698e-02
4138 1.190155e+00
4139 2.247463e+00
4140 3.223324e+00
4141 4.092536e+00
4142 4.824420e+00
4143 5.380019e+00
4144 5.724906e+00
4145 5.830779e+00
4146 5.682543e+00
4147 5.279822e+00
4148 4.648241e+00
4149 3.827858e+00
4150 2.864113e+00
4151 1.795838e+00
4152 6.558354e-01
4153 -5.231905e-01
4154 -1.706625e+00
4155 -2.853044e+00
4156 -3.915160e+00
4157 -4.838048e+00
4158 -5.570525e+00
4159 -6.064961e+00
4160 -6.290924e+00
4161 -6.244068e+00
4162 -5.948709e+00
4163 -5.445829e+00
4164 -4.779376e+00
4165 -3.981361e+00
4166 -3.074567e+00
4167 -2.071585e+00
4168 -9.820517e-01
4169 1.734777e-01
4170 1.357907e+00
4171 2.530192e+00
4172 3.651270e+00
4173 4.679493e+00
4174 5.568559e+00
4175 6.267010e+00
4176 6.727325e+00
4177 6.912531e+00
4178 6.811906e+00
4179 6.445614e+00
4180 5.850500e+00
4181 5.066202e+00
4182 4.132798e+00
4183 3.086258e+00
4184 1.959855e+00
4185 7.856760e-01
4186 -4.082535e-01
4187 -1.598125e+00
4188 -2.756964e+00
4189 -3.844039e+00
4190 -4.808664e+00
4191 -5.597574e+00
4192 -6.164436e+00
4193 -6.475489e+00
4194 -6.514918e+00
4195 -6.276382e+00
4196 -5.768189e+00
4197 -5.013910e+00
4198 -4.054778e+00
4199 -2.941430e+00
4200 -1.723127e+00
4201 -4.463453e-01
4202 8.418167e-01
4203 2.090016e+00
4204 3.248379e+00
4205 4.275482e+00
4206 5.139399e+00
4207 5.815388e+00
4208 6.291726e+00
4209 6.562347e+00
4210 6.619115e+00
4211 6.455667e+00
4212 6.070784e+00
4213 5.473581e+00
4214 4.684246e+00
4215 3.728562e+00
4216 2.629425e+00
4217 1.411116e+00
4218 1.129481e-01
4219 -1.209089e+00
4220 -2.495390e+00
4221 -3.681752e+00
4222 -4.704650e+00
4223 -5.512635e+00
4224 -6.077218e+00
4225 -6.390224e+00
4226 -6.455194e+00
4227 -6.276456e+00
4228 -5.860049e+00
4229 -5.225853e+00
4230 -4.402905e+00
4231 -3.417413e+00
4232 -2.296199e+00
4233 -1.071416e+00
4234 2.199478e-01
4235 1.535028e+00
4236 2.810691e+00
4237 3.983772e+00
4238 4.998104e+00
4239 5.814416e+00
4240 6.408549e+00
4241 6.770132e+00
4242 6.891906e+00
4243 6.754112e+00
4244 6.341649e+00
4245 5.658407e+00
4246 4.728364e+00
4247 3.581088e+00
4248 2.252336e+00
4249 7.860077e-01
4250 -7.527841e-01
4251 -2.284335e+00
4252 -3.722410e+00
4253 -4.987637e+00
4254 -6.016751e+00
4255 -6.767985e+00
4256 -7.223677e+00
4257 -7.384067e+00
4258 -7.264270e+00
4259 -6.884012e+00
4260 -6.260093e+00
4261 -5.412773e+00
4262 -4.372134e+00
4263 -3.177407e+00
4264 -1.878336e+00
4265 -5.282349e-01
4266 8.178800e-01
4267 2.108917e+00
4268 3.297219e+00
4269 4.336641e+00
4270 5.190588e+00
4271 5.834647e+00
4272 6.247976e+00
4273 6.415777e+00
4274 6.333257e+00
4275 6.007458e+00
4276 5.455371e+00
4277 4.700085e+00
4278 3.771121e+00
4279 2.699859e+00
4280 1.513682e+00
4281 2.478956e-01
4282 -1.052583e+00
4283 -2.338137e+00
4284 -3.561763e+00
4285 -4.681983e+00
4286 -5.666251e+00
4287 -6.491084e+00
4288 -7.137895e+00
4289 -7.589902e+00
4290 -7.820788e+00
4291 -7.798912e+00
4292 -7.495006e+00
4293 -6.894690e+00
4294 -6.005874e+00
4295 -4.861414e+00
4296 -3.504865e+00
4297 -1.983706e+00
4298 -3.543168e-01
4299 1.320652e+00
4300 2.975135e+00
4301 4.548292e+00
4302 5.982388e+00
4303 7.226358e+00
4304 8.231224e+00
4305 8.951983e+00
4306 9.345746e+00
4307 9.383015e+00
4308 9.055595e+00
4309 8.380798e+00
4310 7.396387e+00
4311 6.145069e+00
4312 4.674694e+00
4313 3.034101e+00
4314 1.282367e+00
4315 -5.016011e-01
4316 -2.232944e+00
4317 -3.837747e+00
4318 -5.262065e+00
4319 -6.468627e+00
4320 -7.419442e+00
4321 -8.066637e+00
4322 -8.363818e+00
4323 -8.290113e+00
4324 -7.855015e+00
4325 -7.084001e+00
4326 -6.006932e+00
4327 -4.665431e+00
4328 -3.122362e+00
4329 -1.462112e+00
4330 2.118064e-01
4331 1.798468e+00
4332 3.213115e+00
4333 4.400198e+00
4334 5.327476e+00
4335 5.979985e+00
4336 6.361599e+00
4337 6.490950e+00
4338 6.395624e+00
4339 6.095739e+00
4340 5.596787e+00
4341 4.902878e+00
4342 4.017393e+00
4343 2.955435e+00
4344 1.748216e+00
4345 4.461589e-01
4346 -8.986855e-01
4347 -2.228599e+00
4348 -3.485302e+00
4349 -4.609109e+00
4350 -5.538148e+00
4351 -6.227710e+00
4352 -6.650031e+00
4353 -6.797992e+00
4354 -6.678016e+00
4355 -6.307417e+00
4356 -5.707620e+00
4357 -4.910078e+00
4358 -3.951762e+00
4359 -2.866937e+00
4360 -1.682111e+00
4361 -4.113310e-01
4362 9.254610e-01
4363 2.284832e+00
4364 3.600241e+00
4365 4.802078e+00
4366 5.838288e+00
4367 6.679259e+00
4368 7.300706e+00
4369 7.680052e+00
4370 7.800062e+00
4371 7.658554e+00
4372 7.261811e+00
4373 6.626875e+00
4374 5.779027e+00
4375 4.746301e+00
4376 3.549504e+00
4377 2.215291e+00
4378 7.909719e-01
4379 -6.708875e-01
4380 -2.113254e+00
4381 -3.482316e+00
4382 -4.726529e+00
4383 -5.795592e+00
4384 -6.643115e+00
4385 -7.234079e+00
4386 -7.551877e+00
4387 -7.601509e+00
4388 -7.396725e+00
4389 -6.949341e+00
4390 -6.260915e+00
4391 -5.336811e+00
4392 -4.192552e+00
4393 -2.864642e+00
4394 -1.413468e+00
4395 9.260396e-02
4396 1.592818e+00
4397 3.027604e+00
4398 4.331424e+00
4399 5.449928e+00
4400 6.348629e+00
4401 7.009901e+00
4402 7.433326e+00
4403 7.626347e+00
4404 7.588419e+00
4405 7.320332e+00
4406 6.821492e+00
4407 6.103616e+00
4408 5.180970e+00
4409 4.071060e+00
4410 2.790991e+00
4411 1.379943e+00
4412 -1.034000e-01
4413 -1.583119e+00
4414 -2.982209e+00
4415 -4.227408e+00
4416 -5.258005e+00
4417 -6.038236e+00
4418 -6.549368e+00
4419 -6.776898e+00
4420 -6.715764e+00
4421 -6.371171e+00
4422 -5.774571e+00
4423 -4.977207e+00
4424 -4.030500e+00
4425 -2.970657e+00
4426 -1.826059e+00
4427 -6.312399e-01
4428 5.771751e-01
4429 1.761318e+00
4430 2.881894e+00
4431 3.899363e+00
4432 4.771545e+00
4433 5.459153e+00
4434 5.932777e+00
4435 6.167498e+00
4436 6.142921e+00
4437 5.849040e+00
4438 5.294595e+00
4439 4.518036e+00
4440 3.577261e+00
4441 2.546697e+00
4442 1.495847e+00
4443 4.719558e-01
4444 -5.083198e-01
4445 -1.443712e+00
4446 -2.327924e+00
4447 -3.138723e+00
4448 -3.841845e+00
4449 -4.409209e+00
4450 -4.814042e+00
4451 -5.021965e+00
4452 -4.995818e+00
4453 -4.713473e+00
4454 -4.174419e+00
4455 -3.395390e+00
4456 -2.412763e+00
4457 -1.277123e+00
4458 -5.295097e-02
4459 1.187433e+00
4460 2.380497e+00
4461 3.465266e+00
4462 4.388119e+00
4463 5.104555e+00
4464 5.593590e+00
4465 5.849939e+00
4466 5.873479e+00
4467 5.665354e+00
4468 5.229192e+00
4469 4.577367e+00
4470 3.731387e+00
4471 2.712511e+00
4472 1.536987e+00
4473 2.361422e-01
4474 -1.130789e+00
4475 -2.470793e+00
4476 -3.688631e+00
4477 -4.712626e+00
4478 -5.501033e+00
4479 -6.038346e+00
4480 -6.326072e+00
4481 -6.367913e+00
4482 -6.176821e+00
4483 -5.773975e+00
4484 -5.187463e+00
4485 -4.445422e+00
4486 -3.566390e+00
4487 -2.571999e+00
4488 -1.497802e+00
4489 -3.892023e-01
4490 7.080943e-01
4491 1.754899e+00
4492 2.721057e+00
4493 3.582737e+00
4494 4.314447e+00
4495 4.895415e+00
4496 5.322351e+00
4497 5.603969e+00
4498 5.755903e+00
4499 5.790636e+00
4500 5.714179e+00
4501 5.518499e+00
4502 5.195712e+00
4503 4.746785e+00
4504 4.181138e+00
4505 3.512613e+00
4506 2.758567e+00
4507 1.948251e+00
4508 1.122265e+00
4509 3.145213e-01
4510 -4.492311e-01
4511 -1.152461e+00
4512 -1.783130e+00
4513 -2.328847e+00
4514 -2.780409e+00
4515 -3.130732e+00
4516 -3.380941e+00
4517 -3.529448e+00
4518 -3.577747e+00
4519 -3.528535e+00
4520 -3.378643e+00
4521 -3.110678e+00
4522 -2.705556e+00
4523 -2.156106e+00
4524 -1.476576e+00
4525 -6.991072e-01
4526 1.313185e-01
4527 9.492309e-01
4528 1.684683e+00
4529 2.292528e+00
4530 2.755571e+00
4531 3.077407e+00
4532 3.282288e+00
4533 3.402595e+00
4534 3.458318e+00
4535 3.443016e+00
4536 3.319483e+00
4537 3.044292e+00
4538 2.592904e+00
4539 1.978445e+00
4540 1.239998e+00
4541 4.276306e-01
4542 -4.137189e-01
4543 -1.245995e+00
4544 -2.029014e+00
4545 -2.712242e+00
4546 -3.241271e+00
4547 -3.581019e+00
4548 -3.723753e+00
4549 -3.666233e+00
4550 -3.406353e+00
4551 -2.946379e+00
4552 -2.308019e+00
4553 -1.537898e+00
4554 -7.056123e-01
4555 1.198576e-01
4556 8.954969e-01
4557 1.613590e+00
4558 2.284848e+00
4559 2.920073e+00
4560 3.512086e+00
4561 4.039906e+00
4562 4.476604e+00
4563 4.788162e+00
4564 4.941345e+00
4565 4.907556e+00
4566 4.666555e+00
4567 4.213511e+00
4568 3.563821e+00
4569 2.738059e+00
4570 1.767382e+00
4571 6.807500e-01
4572 -4.812087e-01
4573 -1.660778e+00
4574 -2.792811e+00
4575 -3.818507e+00
4576 -4.689976e+00
4577 -5.374696e+00
4578 -5.861778e+00
4579 -6.151078e+00
4580 -6.235911e+00
4581 -6.098938e+00
4582 -5.717278e+00
4583 -5.073626e+00
4584 -4.162640e+00
4585 -2.983358e+00
4586 -1.550364e+00
4587 9.384661e-02
4588 1.870878e+00
4589 3.678642e+00
4590 5.405900e+00
4591 6.943092e+00
4592 8.191273e+00
4593 9.066503e+00
4594 9.503490e+00
4595 9.470498e+00
4596 8.988613e+00
4597 8.109771e+00
4598 6.912880e+00
4599 5.496438e+00
4600 3.951807e+00
4601 2.343665e+00
4602 6.936519e-01
4603 -9.953221e-01
4604 -2.705223e+00
4605 -4.394606e+00
4606 -6.000918e+00
4607 -7.460195e+00
4608 -8.702183e+00
4609 -9.658108e+00
4610 -1.028048e+01
4611 -1.055888e+01
4612 -1.049826e+01
4613 -1.010920e+01
4614 -9.413960e+00
4615 -8.453601e+00
4616 -7.270803e+00
4617 -5.899126e+00
4618 -4.364298e+00
4619 -2.695845e+00
4620 -9.342117e-01
4621 8.780711e-01
4622 2.695181e+00
4623 4.461256e+00
4624 6.111962e+00
4625 7.591761e+00
4626 8.855842e+00
4627 9.858946e+00
4628 1.055128e+01
4629 1.089843e+01
4630 1.088593e+01
4631 1.052487e+01
4632 9.843669e+00
4633 8.876815e+00
4634 7.648837e+00
4635 6.184966e+00
4636 4.521944e+00
4637 2.696799e+00
4638 7.587590e-01
4639 -1.223765e+00
4640 -3.168983e+00
4641 -4.994572e+00
4642 -6.624750e+00
4643 -8.003088e+00
4644 -9.085042e+00
4645 -9.828395e+00
4646 -1.021692e+01
4647 -1.024529e+01
4648 -9.917135e+00
4649 -9.234531e+00
4650 -8.200436e+00
4651 -6.836451e+00
4652 -5.191921e+00
4653 -3.332382e+00
4654 -1.337169e+00
4655 7.108530e-01
4656 2.727690e+00
4657 4.634346e+00
4658 6.377019e+00
4659 7.908589e+00
4660 9.171593e+00
4661 1.010113e+01
4662 1.064115e+01
4663 1.076509e+01
4664 1.046971e+01
4665 9.775375e+00
4666 8.708980e+00
4667 7.301670e+00
4668 5.585726e+00
4669 3.602480e+00
4670 1.429292e+00
4671 -8.250637e-01
4672 -3.041456e+00
4673 -5.123699e+00
4674 -7.007702e+00
4675 -8.644185e+00
4676 -9.979395e+00
4677 -1.096849e+01
4678 -1.157631e+01
4679 -1.178522e+01
4680 -1.157534e+01
4681 -1.093920e+01
4682 -9.882811e+00
4683 -8.425299e+00
4684 -6.598710e+00
4685 -4.459888e+00
4686 -2.096267e+00
4687 3.868229e-01
4688 2.886085e+00
4689 5.308943e+00
4690 7.572425e+00
4691 9.612858e+00
4692 1.137137e+01
4693 1.279587e+01
4694 1.383398e+01
4695 1.443816e+01
4696 1.457491e+01
4697 1.422340e+01
4698 1.338072e+01
4699 1.207049e+01
4700 1.034450e+01
4701 8.262436e+00
4702 5.881520e+00
4703 3.264129e+00
4704 5.085048e-01
4705 -2.254708e+00
4706 -4.880186e+00
4707 -7.232590e+00
4708 -9.216018e+00
4709 -1.078530e+01
4710 -1.193278e+01
4711 -1.267906e+01
4712 -1.305364e+01
4713 -1.307294e+01
4714 -1.273904e+01
4715 -1.204775e+01
4716 -1.098249e+01
4717 -9.539987e+00
4718 -7.746711e+00
4719 -5.663212e+00
4720 -3.384868e+00
4721 -1.022244e+00
4722 1.317299e+00
4723 3.529928e+00
4724 5.540315e+00
4725 7.308600e+00
4726 8.827660e+00
4727 1.011442e+01
4728 1.118410e+01
4729 1.203430e+01
4730 1.263546e+01
4731 1.293606e+01
4732 1.287064e+01
4733 1.237352e+01
4734 1.139415e+01
4735 9.914977e+00
4736 7.963343e+00
4737 5.607807e+00
4738 2.960726e+00
4739 1.750663e-01
4740 -2.584905e+00
4741 -5.186979e+00
4742 -7.540601e+00
4743 -9.586565e+00
4744 -1.127731e+01
4745 -1.256733e+01
4746 -1.341668e+01
4747 -1.378441e+01
4748 -1.364123e+01
4749 -1.299318e+01
4750 -1.187009e+01
4751 -1.032720e+01
4752 -8.424559e+00
4753 -6.211294e+00
4754 -3.744209e+00
4755 -1.109427e+00
4756 1.585431e+00
4757 4.223976e+00
4758 6.702626e+00
4759 8.931918e+00
4760 1.083589e+01
4761 1.234605e+01
4762 1.340035e+01
4763 1.394808e+01
4764 1.396566e+01
4765 1.344679e+01
4766 1.242246e+01
4767 1.094901e+01
4768 9.087548e+00
4769 6.899710e+00
4770 4.438457e+00
4771 1.774130e+00
4772 -1.011752e+00
4773 -3.821763e+00
4774 -6.545045e+00
4775 -9.068024e+00
4776 -1.127563e+01
4777 -1.308320e+01
4778 -1.440570e+01
4779 -1.515427e+01
4780 -1.524833e+01
4781 -1.464454e+01
4782 -1.337436e+01
4783 -1.153587e+01
4784 -9.262050e+00
4785 -6.715762e+00
4786 -4.051028e+00
4787 -1.379710e+00
4788 1.228333e+00
4789 3.717509e+00
4790 6.027547e+00
4791 8.082017e+00
4792 9.786236e+00
4793 1.104729e+01
4794 1.179201e+01
4795 1.197242e+01
4796 1.157072e+01
4797 1.063180e+01
4798 9.253187e+00
4799 7.572052e+00
4800 5.725796e+00
4801 3.829663e+00
4802 1.978025e+00
4803 2.280367e-01
4804 -1.401390e+00
4805 -2.915236e+00
4806 -4.313292e+00
4807 -5.557252e+00
4808 -6.600601e+00
4809 -7.401113e+00
4810 -7.925870e+00
4811 -8.154180e+00
4812 -8.074054e+00
4813 -7.691324e+00
4814 -7.035067e+00
4815 -6.158209e+00
4816 -5.106934e+00
4817 -3.923632e+00
4818 -2.650261e+00
4819 -1.311452e+00
4820 8.083494e-02
4821 1.520264e+00
4822 2.971268e+00
4823 4.391768e+00
4824 5.719117e+00
4825 6.872696e+00
4826 7.784196e+00
4827 8.399926e+00
4828 8.710984e+00
4829 8.726387e+00
4830 8.479901e+00
4831 7.981731e+00
4832 7.248080e+00
4833 6.298583e+00
4834 5.146022e+00
4835 3.805158e+00
4836 2.275791e+00
4837 5.769615e-01
4838 -1.223206e+00
4839 -3.029980e+00
4840 -4.734598e+00
4841 -6.272033e+00
4842 -7.625620e+00
4843 -8.796325e+00
4844 -9.765940e+00
4845 -1.049298e+01
4846 -1.093500e+01
4847 -1.106061e+01
4848 -1.085533e+01
4849 -1.029391e+01
4850 -9.367269e+00
4851 -8.100167e+00
4852 -6.547104e+00
4853 -4.786928e+00
4854 -2.891071e+00
4855 -9.391081e-01
4856 9.952344e-01
4857 2.845409e+00
4858 4.577973e+00
4859 6.177678e+00
4860 7.627179e+00
4861 8.897045e+00
4862 9.918334e+00
4863 1.061842e+01
4864 1.093341e+01
4865 1.080625e+01
4866 1.017723e+01
4867 9.047034e+00
4868 7.493765e+00
4869 5.653183e+00
4870 3.665334e+00
4871 1.658221e+00
4872 -2.434530e-01
4873 -1.937103e+00
4874 -3.369803e+00
4875 -4.533420e+00
4876 -5.450270e+00
4877 -6.141726e+00
4878 -6.609608e+00
4879 -6.813857e+00
4880 -6.685447e+00
4881 -6.157763e+00
4882 -5.187734e+00
4883 -3.787075e+00
4884 -2.013646e+00
4885 7.922461e-03
4886 2.100202e+00
4887 4.096710e+00
4888 5.852846e+00
4889 7.281097e+00
4890 8.354080e+00
4891 9.057413e+00
4892 9.394537e+00
4893 9.345917e+00
4894 8.886963e+00
4895 8.003223e+00
4896 6.725367e+00
4897 5.088381e+00
4898 3.148329e+00
4899 9.839960e-01
4900 -1.299117e+00
4901 -3.543620e+00
4902 -5.615863e+00
4903 -7.409980e+00
4904 -8.842174e+00
4905 -9.888575e+00
4906 -1.056509e+01
4907 -1.091627e+01
4908 -1.097300e+01
4909 -1.072291e+01
4910 -1.013907e+01
4911 -9.209172e+00
4912 -7.977024e+00
4913 -6.513508e+00
4914 -4.921170e+00
4915 -3.339242e+00
4916 -1.935615e+00
4917 -8.723137e-01
4918 -2.394993e-01
4919 -4.604547e-02
4920 -2.305430e-01
4921 -6.787807e-01
4922 -1.256354e+00
4923 -1.798865e+00
4924 -2.148279e+00
4925 -2.226466e+00
4926 -2.091327e+00
4927 -1.824921e+00
4928 -1.506385e+00
4929 -1.111549e+00
4930 -5.468587e-01
4931 3.001882e-01
4932 1.499749e+00
4933 3.009552e+00
4934 4.744010e+00
4935 6.543007e+00
4936 8.255621e+00
4937 9.734380e+00
4938 1.086075e+01
4939 1.153545e+01
4940 1.166153e+01
4941 1.121508e+01
4942 1.028444e+01
4943 9.010189e+00
4944 7.489922e+00
4945 5.760777e+00
4946 3.832364e+00
4947 1.741404e+00
4948 -5.415276e-01
4949 -3.048209e+00
4950 -5.682295e+00
4951 -8.237696e+00
4952 -1.040950e+01
4953 -1.195329e+01
4954 -1.271458e+01
4955 -1.263172e+01
4956 -1.168040e+01
4957 -1.001761e+01
4958 -7.894976e+00
4959 -5.571438e+00
4960 -3.272667e+00
4961 -1.185712e+00
4962 6.274513e-01
4963 2.216321e+00
4964 3.678253e+00
4965 5.072675e+00
4966 6.383131e+00
4967 7.479794e+00
4968 8.167663e+00
4969 8.248024e+00
4970 7.512602e+00
4971 5.877605e+00
4972 3.333375e+00
4973 1.194359e-01
4974 -3.395556e+00
4975 -6.734569e+00
4976 -9.496587e+00
4977 -1.148771e+01
4978 -1.267575e+01
4979 -1.322898e+01
4980 -1.346876e+01
4981 -1.373384e+01
4982 -1.426057e+01
4983 -1.499023e+01
4984 -1.570299e+01
4985 -1.618383e+01
4986 -1.628085e+01
4987 -1.583388e+01
4988 -1.464508e+01
4989 -1.246909e+01
4990 -9.469000e+00
4991 -6.008278e+00
4992 -2.680343e+00
4993 2.723560e-02
4994 1.841020e+00
4995 2.627193e+00
4996 2.407292e+00
4997 1.253013e+00
4998 -1.142214e-01
4999 -8.894164e-01
