# average=1.463300e-01
# standard deviation=7.994755e+00
0 6.393752e+01
1 6.261597e+01
2 5.877935e+01
3 5.272704e+01
4 4.480923e+01
5 3.538213e+01
6 2.481464e+01
7 1.349506e+01
8 1.828760e+00
9 -9.772862e+00
10 -2.090596e+01
11 -3.118751e+01
12 -4.026737e+01
13 -4.783991e+01
14 -5.365394e+01
15 -5.752264e+01
16 -5.932742e+01
17 -5.902162e+01
18 -5.663089e+01
19 -5.225322e+01
20 -4.605604e+01
21 -3.826818e+01
22 -2.917174e+01
23 -1.909267e+01
24 -8.389157e+00
25 2.559656e+00
26 1.336781e+01
27 2.365579e+01
28 3.306177e+01
29 4.125179e+01
30 4.792936e+01
31 5.284594e+01
32 5.581506e+01
33 5.672846e+01
34 5.556809e+01
35 5.240227e+01
36 4.737007e+01
37 4.067122e+01
38 3.255872e+01
39 2.332870e+01
40 1.331249e+01
41 2.865590e+00
42 -7.642995e+00
43 -1.784349e+01
44 -2.737821e+01
45 -3.591345e+01
46 -4.315190e+01
47 -4.884162e+01
48 -5.278352e+01
49 -5.484079e+01
50 -5.494239e+01
51 -5.308467e+01
52 -4.933283e+01
53 -4.381734e+01
54 -3.673136e+01
55 -2.832272e+01
56 -1.888522e+01
57 -8.748576e+00
58 1.731315e+00
59 1.218601e+01
60 2.224587e+01
61 3.155235e+01
62 3.976710e+01
63 4.657861e+01
64 5.171209e+01
65 5.494243e+01
66 5.612325e+01
67 5.521241e+01
68 5.226867e+01
69 4.742844e+01
70 4.089018e+01
71 3.290201e+01
72 2.375383e+01
73 1.377051e+01
74 3.303735e+00
75 -7.279863e+00
76 -1.760944e+01
77 -2.732338e+01
78 -3.608217e+01
79 -4.357754e+01
80 -4.954495e+01
81 -5.377158e+01
82 -5.610479e+01
83 -5.645836e+01
84 -5.481309e+01
85 -5.121916e+01
86 -4.579291e+01
87 -3.871539e+01
88 -3.022678e+01
89 -2.061733e+01
90 -1.021655e+01
91 6.155977e-01
92 1.150262e+01
93 2.206223e+01
94 3.191928e+01
95 4.071781e+01
96 4.812684e+01
97 5.384217e+01
98 5.759427e+01
99 5.916510e+01
100 5.843827e+01
101 5.544860e+01
102 5.037006e+01
103 4.346264e+01
104 3.502875e+01
105 2.540007e+01
106 1.493138e+01
107 3.997625e+00
108 -7.013825e+00
109 -1.771641e+01
110 -2.773914e+01
111 -3.673832e+01
112 -4.440312e+01
113 -5.047103e+01
114 -5.473484e+01
115 -5.705118e+01
116 -5.734398e+01
117 -5.560678e+01
118 -5.190256e+01
119 -4.636316e+01
120 -3.918412e+01
121 -3.061678e+01
122 -2.096137e+01
123 -1.055560e+01
124 2.366507e-01
125 1.103721e+01
126 2.146694e+01
127 3.115652e+01
128 3.975839e+01
129 4.695402e+01
130 5.246285e+01
131 5.605449e+01
132 5.756590e+01
133 5.692146e+01
134 5.415095e+01
135 4.939082e+01
136 4.285642e+01
137 3.481499e+01
138 2.557163e+01
139 1.546300e+01
140 4.848301e+00
141 -5.897957e+00
142 -1.639889e+01
143 -2.628720e+01
144 -3.521849e+01
145 -4.288236e+01
146 -4.901248e+01
147 -5.339533e+01
148 -5.587921e+01
149 -5.637826e+01
150 -5.487556e+01
151 -5.142385e+01
152 -4.614233e+01
153 -3.921418e+01
154 -3.088143e+01
155 -2.143390e+01
156 -1.120047e+01
157 -5.369714e-01
158 1.018218e+01
159 2.057947e+01
160 3.028650e+01
161 3.895483e+01
162 4.626294e+01
163 5.192341e+01
164 5.569107e+01
165 5.737989e+01
166 5.689671e+01
167 5.427053e+01
168 4.964218e+01
169 4.322655e+01
170 3.528566e+01
171 2.611815e+01
172 1.605591e+01
173 5.456415e+00
174 -5.306830e+00
175 -1.585621e+01
176 -2.582328e+01
177 -3.486039e+01
178 -4.265229e+01
179 -4.892631e+01
180 -5.346273e+01
181 -5.610326e+01
182 -5.675555e+01
183 -5.539579e+01
184 -5.206822e+01
185 -4.688523e+01
186 -4.002502e+01
187 -3.172448e+01
188 -2.227087e+01
189 -1.199116e+01
190 -1.243929e+00
191 9.594333e+00
192 2.014271e+01
193 3.002817e+01
194 3.889484e+01
195 4.641430e+01
196 5.228990e+01
197 5.626514e+01
198 5.813779e+01
199 5.779483e+01
200 5.525010e+01
201 5.064276e+01
202 4.419788e+01
203 3.619105e+01
204 2.693150e+01
205 1.675791e+01
206 6.033636e+00
207 -4.862795e+00
208 -1.554869e+01
209 -2.564980e+01
210 -3.481416e+01
211 -4.272377e+01
212 -4.910492e+01
213 -5.373682e+01
214 -5.645897e+01
215 -5.717720e+01
216 -5.586658e+01
217 -5.257317e+01
218 -4.741068e+01
219 -4.055814e+01
220 -3.225355e+01
221 -2.278576e+01
222 -1.248526e+01
223 -1.710609e+00
224 9.161669e+00
225 1.974941e+01
226 2.967707e+01
227 3.858913e+01
228 4.615706e+01
229 5.208538e+01
230 5.611499e+01
231 5.804214e+01
232 5.775835e+01
233 5.528156e+01
234 5.074939e+01
235 4.438312e+01
236 3.645312e+01
237 2.726603e+01
238 1.715818e+01
239 6.490942e+00
240 -4.359476e+00
241 -1.501108e+01
242 -2.509243e+01
243 -3.425204e+01
244 -4.217163e+01
245 -4.857662e+01
246 -5.324570e+01
247 -5.601939e+01
248 -5.680303e+01
249 -5.556989e+01
250 -5.236380e+01
251 -4.729671e+01
252 -4.054666e+01
253 -3.234961e+01
254 -2.299094e+01
255 -1.279698e+01
256 -2.124182e+00
257 8.652840e+00
258 1.915529e+01
259 2.901160e+01
260 3.786948e+01
261 4.540237e+01
262 5.131567e+01
263 5.535711e+01
264 5.733491e+01
265 5.714887e+01
266 5.481534e+01
267 5.045824e+01
268 4.427962e+01
269 3.653473e+01
270 2.751889e+01
271 1.756217e+01
272 7.020066e+00
273 -3.733412e+00
274 -1.431907e+01
275 -2.436734e+01
276 -3.353129e+01
277 -4.149314e+01
278 -4.797532e+01
279 -5.275188e+01
280 -5.565578e+01
281 -5.658625e+01
282 -5.551087e+01
283 -5.246539e+01
284 -4.755414e+01
285 -4.094592e+01
286 -3.286936e+01
287 -2.360421e+01
288 -1.347141e+01
289 -2.824021e+00
290 7.965609e+00
291 1.851814e+01
292 2.846103e+01
293 3.743790e+01
294 4.511735e+01
295 5.120072e+01
296 5.543076e+01
297 5.760596e+01
298 5.760749e+01
299 5.542823e+01
300 5.118076e+01
301 4.507029e+01
302 3.735859e+01
303 2.834554e+01
304 1.836116e+01
305 7.763237e+00
306 -3.074587e+00
307 -1.377247e+01
308 -2.395627e+01
309 -3.326971e+01
310 -4.138755e+01
311 -4.802857e+01
312 -5.296200e+01
313 -5.601554e+01
314 -5.708183e+01
315 -5.612346e+01
316 -5.317321e+01
317 -4.833234e+01
318 -4.176685e+01
319 -3.370411e+01
320 -2.442359e+01
321 -1.424789e+01
322 -3.531772e+00
323 7.351046e+00
324 1.801870e+01
325 2.809413e+01
326 3.721757e+01
327 4.505220e+01
328 5.129425e+01
329 5.567663e+01
330 5.798440e+01
331 5.808918e+01
332 5.598440e+01
333 5.178595e+01
334 4.570320e+01
335 3.800044e+01
336 2.898026e+01
337 1.897648e+01
338 8.348057e+00
339 -2.529033e+00
340 -1.327246e+01
341 -2.350701e+01
342 -3.287703e+01
343 -4.105773e+01
344 -4.776477e+01
345 -5.276502e+01
346 -5.588705e+01
347 -5.702522e+01
348 -5.614201e+01
349 -5.326774e+01
350 -4.850099e+01
351 -4.200828e+01
352 -3.401637e+01
353 -2.480395e+01
354 -1.469223e+01
355 -4.034587e+00
356 6.795495e+00
357 1.741829e+01
358 2.745832e+01
359 3.655592e+01
360 4.437574e+01
361 5.061251e+01
362 5.499957e+01
363 5.732965e+01
364 5.748453e+01
365 5.546215e+01
366 5.137546e+01
367 4.542705e+01
368 3.787547e+01
369 2.901757e+01
370 1.918134e+01
371 8.720241e+00
372 -1.995547e+00
373 -1.258922e+01
374 -2.269113e+01
375 -3.194980e+01
376 -4.004442e+01
377 -4.669510e+01
378 -5.167289e+01
379 -5.480710e+01
380 -5.599135e+01
381 -5.518755e+01
382 -5.242557e+01
383 -4.780366e+01
384 -4.148492e+01
385 -3.369138e+01
386 -2.469561e+01
387 -1.481146e+01
388 -4.384180e+00
389 6.221017e+00
390 1.663129e+01
391 2.647845e+01
392 3.541122e+01
393 4.310542e+01
394 4.927314e+01
395 5.367087e+01
396 5.611000e+01
397 5.647531e+01
398 5.474309e+01
399 5.098852e+01
400 4.537424e+01
401 3.812774e+01
402 2.952627e+01
403 1.988503e+01
404 9.549834e+00
405 -1.113864e+00
406 -1.173115e+01
407 -2.192886e+01
408 -3.134875e+01
409 -3.966028e+01
410 -4.657173e+01
411 -5.183878e+01
412 -5.527417e+01
413 -5.675338e+01
414 -5.621977e+01
415 -5.368618e+01
416 -4.923519e+01
417 -4.301536e+01
418 -3.523691e+01
419 -2.616574e+01
420 -1.611435e+01
421 -5.431085e+00
422 5.511563e+00
423 1.632946e+01
424 2.664016e+01
425 3.607464e+01
426 4.428319e+01
427 5.094393e+01
428 5.576717e+01
429 5.850795e+01
430 5.900387e+01
431 5.722399e+01
432 5.327431e+01
433 4.736675e+01
434 3.977362e+01
435 3.080273e+01
436 2.079093e+01
437 1.009975e+01
438 -8.919194e-01
439 -1.179923e+01
440 -2.224145e+01
441 -3.185656e+01
442 -4.031084e+01
443 -4.731281e+01
444 -5.262174e+01
445 -5.605659e+01
446 -5.750134e+01
447 -5.690967e+01
448 -5.430476e+01
449 -4.977810e+01
450 -4.348859e+01
451 -3.565676e+01
452 -2.655663e+01
453 -1.650598e+01
454 -5.855516e+00
455 5.022514e+00
456 1.574619e+01
457 2.593812e+01
458 3.523606e+01
459 4.330114e+01
460 4.982652e+01
461 5.454349e+01
462 5.723640e+01
463 5.776707e+01
464 5.610346e+01
465 5.233393e+01
466 4.665074e+01
467 3.931190e+01
468 3.061458e+01
469 2.088607e+01
470 1.047862e+01
471 -2.374748e-01
472 -1.088390e+01
473 -2.108581e+01
474 -3.048809e+01
475 -3.876764e+01
476 -4.563937e+01
477 -5.086794e+01
478 -5.427426e+01
479 -5.574382e+01
480 -5.522993e+01
481 -5.275385e+01
482 -4.840506e+01
483 -4.233796e+01
484 -3.476718e+01
485 -2.595946e+01
486 -1.622409e+01
487 -5.903306e+00
488 4.639901e+00
489 1.503463e+01
490 2.491415e+01
491 3.392727e+01
492 4.174733e+01
493 4.808140e+01
494 5.268148e+01
495 5.535692e+01
496 5.599314e+01
497 5.456271e+01
498 5.113060e+01
499 4.584345e+01
500 3.891232e+01
501 3.059742e+01
502 2.120056e+01
503 1.105703e+01
504 5.242900e-01
505 -1.002722e+01
506 -2.022742e+01
507 -2.971831e+01
508 -3.816551e+01
509 -4.527052e+01
510 -5.078075e+01
511 -5.449870e+01
512 -5.628978e+01
513 -5.608584e+01
514 -5.388695e+01
515 -4.976226e+01
516 -4.384782e+01
517 -3.634366e+01
518 -2.750529e+01
519 -1.763655e+01
520 -7.078134e+00
521 3.804079e+00
522 1.462910e+01
523 2.501445e+01
524 3.458758e+01
525 4.299476e+01
526 4.990672e+01
527 5.502456e+01
528 5.809358e+01
529 5.893539e+01
530 5.749873e+01
531 5.387257e+01
532 4.825506e+01
533 4.091138e+01
534 3.214489e+01
535 2.228904e+01
536 1.170087e+01
537 7.577056e-01
538 -1.015649e+01
539 -2.065997e+01
540 -3.038833e+01
541 -3.900526e+01
542 -4.621471e+01
543 -5.176906e+01
544 -5.547873e+01
545 -5.721829e+01
546 -5.693176e+01
547 -5.463263e+01
548 -5.040309e+01
549 -4.439106e+01
550 -3.680776e+01
551 -2.791840e+01
552 -1.803343e+01
553 -7.497331e+00
554 3.320821e+00
555 1.404197e+01
556 2.428929e+01
557 3.370003e+01
558 4.193465e+01
559 4.868666e+01
560 5.368775e+01
561 5.671818e+01
562 5.762494e+01
563 5.635186e+01
564 5.296149e+01
565 4.762293e+01
566 4.057749e+01
567 3.211179e+01
568 2.254828e+01
569 1.223688e+01
570 1.546653e+00
571 -9.143655e+00
572 -1.945887e+01
573 -2.903914e+01
574 -3.755400e+01
575 -4.470849e+01
576 -5.025565e+01
577 -5.400377e+01
578 -5.582565e+01
579 -5.566025e+01
580 -5.351604e+01
581 -4.946891e+01
582 -4.366049e+01
583 -3.629604e+01
584 -2.763409e+01
585 -1.797722e+01
586 -7.663886e+00
587 2.943397e+00
588 1.347062e+01
589 2.354616e+01
590 3.281037e+01
591 4.092330e+01
592 4.757325e+01
593 5.248934e+01
594 5.545871e+01
595 5.635716e+01
596 5.516013e+01
597 5.193781e+01
598 4.683712e+01
599 4.006912e+01
600 3.189409e+01
601 2.261248e+01
602 1.255756e+01
603 2.084149e+00
604 -8.439367e+00
605 -1.864509e+01
606 -2.817740e+01
607 -3.670330e+01
608 -4.392443e+01
609 -4.958831e+01
610 -5.349612e+01
611 -5.551123e+01
612 -5.556192e+01
613 -5.364458e+01
614 -4.982233e+01
615 -4.422406e+01
616 -3.704162e+01
617 -2.852269e+01
618 -1.896083e+01
619 -8.687920e+00
620 1.939137e+00
621 1.254979e+01
622 2.277067e+01
623 3.223845e+01
624 4.060967e+01
625 4.757083e+01
626 5.284293e+01
627 5.618983e+01
628 5.744128e+01
629 5.651782e+01
630 5.345636e+01
631 4.840557e+01
632 4.159749e+01
633 3.331600e+01
634 2.387782e+01
635 1.362703e+01
636 2.928509e+00
637 -7.839774e+00
638 -1.829993e+01
639 -2.808595e+01
640 -3.685737e+01
641 -4.430838e+01
642 -5.017901e+01
643 -5.426598e+01
644 -5.642638e+01
645 -5.658473e+01
646 -5.473469e+01
647 -5.093905e+01
648 -4.532863e+01
649 -3.809745e+01
650 -2.949447e+01
651 -1.981894e+01
652 -9.408594e+00
653 1.373763e+00
654 1.215017e+01
655 2.254007e+01
656 3.217480e+01
657 4.070472e+01
658 4.780982e+01
659 5.320415e+01
660 5.664999e+01
661 5.797426e+01
662 5.709192e+01
663 5.404053e+01
664 4.897720e+01
665 4.214124e+01
666 3.382130e+01
667 2.433840e+01
668 1.403998e+01
669 3.294605e+00
670 -7.516108e+00
671 -1.801243e+01
672 -2.782987e+01
673 -3.662913e+01
674 -4.410476e+01
675 -4.999818e+01
676 -5.410586e+01
677 -5.628730e+01
678 -5.646790e+01
679 -5.464277e+01
680 -5.087660e+01
681 -4.530065e+01
682 -3.810979e+01
683 -2.955547e+01
684 -1.993668e+01
685 -9.589534e+00
686 1.123802e+00
687 1.182732e+01
688 2.214295e+01
689 3.170401e+01
690 4.016327e+01
691 4.720205e+01
692 5.253820e+01
693 5.593946e+01
694 5.724796e+01
695 5.640738e+01
696 5.346890e+01
697 4.857629e+01
698 4.194264e+01
699 3.383128e+01
700 2.454697e+01
701 1.442659e+01
702 3.830244e+00
703 -6.868869e+00
704 -1.729613e+01
705 -2.708722e+01
706 -3.590010e+01
707 -4.342817e+01
708 -4.940901e+01
709 -5.363350e+01
710 -5.595355e+01
711 -5.628961e+01
712 -5.463027e+01
713 -5.103126e+01
714 -4.561514e+01
715 -3.856770e+01
716 -3.013264e+01
717 -2.060376e+01
718 -1.031209e+01
719 3.836835e-01
720 1.110817e+01
721 2.148342e+01
722 3.114087e+01
723 3.973109e+01
724 4.693213e+01
725 5.245771e+01
726 5.606686e+01
727 5.757982e+01
728 5.691131e+01
729 5.409709e+01
730 4.928387e+01
731 4.269302e+01
732 3.459658e+01
733 2.530350e+01
734 1.515156e+01
735 4.503468e+00
736 -6.264840e+00
737 -1.677604e+01
738 -2.666351e+01
739 -3.558373e+01
740 -4.322651e+01
741 -4.932584e+01
742 -5.367007e+01
743 -5.610793e+01
744 -5.655494e+01
745 -5.499665e+01
746 -5.148621e+01
747 -4.614449e+01
748 -3.915782e+01
749 -3.076865e+01
750 -2.126794e+01
751 -1.098664e+01
752 -2.830399e-01
753 1.046775e+01
754 2.088827e+01
755 3.060982e+01
756 3.928197e+01
757 4.658190e+01
758 5.222226e+01
759 5.596282e+01
760 5.762231e+01
761 5.710304e+01
762 5.442202e+01
763 4.971475e+01
764 4.320243e+01
765 3.515916e+01
766 2.589658e+01
767 1.575500e+01
768 5.097278e+00
769 -5.700214e+00
770 -1.625699e+01
771 -2.620205e+01
772 -3.518894e+01
773 -4.290663e+01
774 -4.908669e+01
775 -5.351476e+01
776 -5.603781e+01
777 -5.657035e+01
778 -5.509476e+01
779 -5.166086e+01
780 -4.638673e+01
781 -3.945648e+01
782 -3.111196e+01
783 -2.164323e+01
784 -1.138087e+01
785 -6.841468e-01
786 1.007152e+01
787 2.050796e+01
788 3.025333e+01
789 3.895305e+01
790 4.627891e+01
791 5.193513e+01
792 5.567161e+01
793 5.730806e+01
794 5.676959e+01
795 5.409892e+01
796 4.943882e+01
797 4.300463e+01
798 3.506222e+01
799 2.591564e+01
800 1.590042e+01
801 5.376256e+00
802 -5.285382e+00
803 -1.571090e+01
804 -2.553633e+01
805 -3.442046e+01
806 -4.205557e+01
807 -4.817834e+01
808 -5.257790e+01
809 -5.510440e+01
810 -5.567319e+01
811 -5.426685e+01
812 -5.093711e+01
813 -4.580195e+01
814 -3.904151e+01
815 -3.089186e+01
816 -2.163832e+01
817 -1.160484e+01
818 -1.141184e+00
819 9.385416e+00
820 1.960457e+01
821 2.915417e+01
822 3.769101e+01
823 4.490116e+01
824 5.050780e+01
825 5.428367e+01
826 5.606554e+01
827 5.576968e+01
828 5.340474e+01
829 4.907367e+01
830 4.296060e+01
831 3.531193e+01
832 2.641842e+01
833 1.660507e+01
834 6.223314e+00
835 -4.359043e+00
836 -1.476798e+01
837 -2.463998e+01
838 -3.363325e+01
839 -4.143397e+01
840 -4.776779e+01
841 -5.241186e+01
842 -5.520032e+01
843 -5.603323e+01
844 -5.487854e+01
845 -5.177220e+01
846 -4.681709e+01
847 -4.018045e+01
848 -3.208927e+01
849 -2.282227e+01
850 -1.270136e+01
851 -2.076849e+00
852 8.680882e+00
853 1.919455e+01
854 2.909090e+01
855 3.801281e+01
856 4.562841e+01
857 5.163940e+01
858 5.578890e+01
859 5.787761e+01
860 5.778400e+01
861 5.549182e+01
862 5.110696e+01
863 4.483882e+01
864 3.695970e+01
865 2.778103e+01
866 1.764324e+01
867 6.911322e+00
868 -4.036107e+00
869 -1.481331e+01
870 -2.504276e+01
871 -3.436687e+01
872 -4.245879e+01
873 -4.903626e+01
874 -5.386941e+01
875 -5.678867e+01
876 -5.769141e+01
877 -5.654445e+01
878 -5.338625e+01
879 -4.832363e+01
880 -4.153080e+01
881 -3.324199e+01
882 -2.374444e+01
883 -1.336776e+01
884 -2.474968e+00
885 8.553079e+00
886 1.932765e+01
887 2.946654e+01
888 3.860372e+01
889 4.639734e+01
890 5.253520e+01
891 5.674605e+01
892 5.881861e+01
893 5.863435e+01
894 5.620077e+01
895 5.166186e+01
896 4.525171e+01
897 3.725223e+01
898 2.797816e+01
899 1.777203e+01
900 7.000406e+00
901 -3.955384e+00
902 -1.471014e+01
903 -2.488846e+01
904 -3.413682e+01
905 -4.213585e+01
906 -4.860964e+01
907 -5.333618e+01
908 -5.615535e+01
909 -5.697414e+01
910 -5.576914e+01
911 -5.258628e+01
912 -4.753979e+01
913 -4.080950e+01
914 -3.263242e+01
915 -2.329685e+01
916 -1.312960e+01
917 -2.487329e+00
918 8.255244e+00
919 1.871893e+01
920 2.853321e+01
921 3.734665e+01
922 4.483548e+01
923 5.071213e+01
924 5.473777e+01
925 5.674007e+01
926 5.662975e+01
927 5.441674e+01
928 5.020705e+01
929 4.418648e+01
930 3.659831e+01
931 2.772991e+01
932 1.790512e+01
933 7.474704e+00
934 -3.191515e+00
935 -1.371761e+01
936 -2.373362e+01
937 -3.288931e+01
938 -4.086692e+01
939 -4.738831e+01
940 -5.222590e+01
941 -5.520993e+01
942 -5.623471e+01
943 -5.526241e+01
944 -5.232537e+01
945 -4.752272e+01
946 -4.101845e+01
947 -3.303660e+01
948 -2.385402e+01
949 -1.378954e+01
950 -3.194188e+00
951 7.562820e+00
952 1.810285e+01
953 2.805231e+01
954 3.705257e+01
955 4.476899e+01
956 5.089723e+01
957 5.517210e+01
958 5.738683e+01
959 5.742523e+01
960 5.528848e+01
961 5.108864e+01
962 4.502562e+01
963 3.735989e+01
964 2.839404e+01
965 1.846148e+01
966 7.919805e+00
967 -2.858377e+00
968 -1.349434e+01
969 -2.361666e+01
970 -3.287236e+01
971 -4.093953e+01
972 -4.753891e+01
973 -5.244145e+01
974 -5.547772e+01
975 -5.654295e+01
976 -5.560178e+01
977 -5.268826e+01
978 -4.790449e+01
979 -4.141615e+01
980 -3.344852e+01
981 -2.427888e+01
982 -1.422604e+01
983 -3.642571e+00
984 7.101556e+00
985 1.762840e+01
986 2.756616e+01
987 3.655923e+01
988 4.427587e+01
989 5.041635e+01
990 5.472571e+01
991 5.700861e+01
992 5.714859e+01
993 5.513335e+01
994 5.106014e+01
995 4.511986e+01
996 3.756988e+01
997 2.870896e+01
998 1.886691e+01
999 8.398698e+00
1000 -2.322964e+00
1001 -1.291798e+01
1002 -2.301469e+01
1003 -3.226465e+01
1004 -4.034831e+01
1005 -4.698510e+01
1006 -5.194369e+01
1007 -5.505253e+01
1008 -5.620431e+01
1009 -5.536055e+01
1010 -5.255037e+01
1011 -4.786990e+01
1012 -4.148144e+01
1013 -3.360828e+01
1014 -2.452544e+01
1015 -1.454879e+01
1016 -4.026875e+00
1017 6.672457e+00
1018 1.717216e+01
1019 2.709962e+01
1020 3.609682e+01
1021 4.383021e+01
1022 4.999586e+01
1023 5.433491e+01
1024 5.665288e+01
1025 5.684481e+01
1026 5.490937e+01
1027 5.094557e+01
1028 4.513474e+01
1029 3.772067e+01
1030 2.899032e+01
1031 1.926686e+01
1032 8.900283e+00
1033 -1.742161e+00
1034 -1.228729e+01
1035 -2.236563e+01
1036 -3.162728e+01
1037 -3.975072e+01
1038 -4.645338e+01
1039 -5.150225e+01
1040 -5.472205e+01
1041 -5.600117e+01
1042 -5.529465e+01
1043 -5.262859e+01
1044 -4.809528e+01
1045 -4.185089e+01
1046 -3.411115e+01
1047 -2.514373e+01
1048 -1.526130e+01
1049 -4.808055e+00
1050 5.851042e+00
1051 1.634240e+01
1052 2.629468e+01
1053 3.535090e+01
1054 4.317863e+01
1055 4.947869e+01
1056 5.399330e+01
1057 5.651925e+01
1058 5.693052e+01
1059 5.520374e+01
1060 5.142197e+01
1061 4.576066e+01
1062 3.846232e+01
1063 2.981630e+01
1064 2.014333e+01
1065 9.792661e+00
1066 -8.686140e-01
1067 -1.146606e+01
1068 -2.163008e+01
1069 -3.100625e+01
1070 -3.926698e+01
1071 -4.612492e+01
1072 -5.134051e+01
1073 -5.473249e+01
1074 -5.618283e+01
1075 -5.564151e+01
1076 -5.312659e+01
1077 -4.872409e+01
1078 -4.258497e+01
1079 -3.492153e+01
1080 -2.599916e+01
1081 -1.612819e+01
1082 -5.651396e+00
1083 5.064210e+00
1084 1.564305e+01
1085 2.571110e+01
1086 3.491080e+01
1087 4.290821e+01
1088 4.940014e+01
1089 5.412318e+01
1090 5.686059e+01
1091 5.746138e+01
1092 5.587612e+01
1093 5.217814e+01
1094 4.654696e+01
1095 3.923544e+01
1096 3.054231e+01
1097 2.079697e+01
1098 1.035272e+01
1099 -4.174695e-01
1100 -1.113250e+01
1101 -2.141576e+01
1102 -3.090742e+01
1103 -3.927634e+01
1104 -4.623115e+01
1105 -5.152923e+01
1106 -5.498710e+01
1107 -5.648480e+01
1108 -5.597097e+01
1109 -5.346417e+01
1110 -4.905088e+01
1111 -4.288383e+01
1112 -3.517841e+01
1113 -2.620471e+01
1114 -1.627572e+01
1115 -5.737937e+00
1116 5.038861e+00
1117 1.567378e+01
1118 2.578991e+01
1119 3.502370e+01
1120 4.303496e+01
1121 4.950985e+01
1122 5.416918e+01
1123 5.679397e+01
1124 5.726338e+01
1125 5.557501e+01
1126 5.183293e+01
1127 4.621760e+01
1128 3.896412e+01
1129 3.035199e+01
1130 2.069929e+01
1131 1.035396e+01
1132 -3.165007e-01
1133 -1.093562e+01
1134 -2.113147e+01
1135 -3.054815e+01
1136 -3.886132e+01
1137 -4.578379e+01
1138 -5.107670e+01
1139 -5.455512e+01
1140 -5.609893e+01
1141 -5.565465e+01
1142 -5.323789e+01
1143 -4.893251e+01
1144 -4.288707e+01
1145 -3.531052e+01
1146 -2.646537e+01
1147 -1.665883e+01
1148 -6.232496e+00
1149 4.449312e+00
1150 1.501221e+01
1151 2.508412e+01
1152 3.430532e+01
1153 4.233736e+01
1154 4.887209e+01
1155 5.364231e+01
1156 5.644025e+01
1157 5.713993e+01
1158 5.570787e+01
1159 5.220521e+01
1160 4.678395e+01
1161 3.967367e+01
1162 3.115911e+01
1163 2.156299e+01
1164 1.123554e+01
1165 5.452835e-01
1166 -1.013004e+01
1167 -2.041677e+01
1168 -2.995502e+01
1169 -3.841335e+01
1170 -4.549641e+01
1171 -5.095815e+01
1172 -5.460767e+01
1173 -5.631661e+01
1174 -5.602549e+01
1175 -5.374503e+01
1176 -4.955409e+01
1177 -4.359638e+01
1178 -3.607706e+01
1179 -2.725765e+01
1180 -1.744442e+01
1181 -6.978998e+00
1182 3.772138e+00
1183 1.443168e+01
1184 2.462315e+01
1185 3.398281e+01
1186 4.216912e+01
1187 4.887111e+01
1188 5.381832e+01
1189 5.679070e+01
1190 5.763514e+01
1191 5.629571e+01
1192 5.283929e+01
1193 4.743746e+01
1194 4.033040e+01
1195 3.180597e+01
1196 2.218454e+01
1197 1.181421e+01
1198 1.062782e+00
1199 -9.691265e+00
1200 -2.007072e+01
1201 -2.971306e+01
1202 -3.828158e+01
1203 -4.547742e+01
1204 -5.105136e+01
1205 -5.480891e+01
1206 -5.662020e+01
1207 -5.642108e+01
1208 -5.421887e+01
1209 -5.008906e+01
1210 -4.417318e+01
1211 -3.667639e+01
1212 -2.785905e+01
1213 -1.802853e+01
1214 -7.526457e+00
1215 3.280581e+00
1216 1.401222e+01
1217 2.429000e+01
1218 3.374703e+01
1219 4.203890e+01
1220 4.884855e+01
1221 5.389511e+01
1222 5.694674e+01
1223 5.784820e+01
1224 5.655168e+01
1225 5.312585e+01
1226 4.774065e+01
1227 4.063680e+01
1228 3.210498e+01
1229 2.247088e+01
1230 1.208782e+01
1231 1.326833e+00
1232 -9.431444e+00
1233 -1.980949e+01
1234 -2.944349e+01
1235 -3.799786e+01
1236 -4.517588e+01
1237 -5.073016e+01
1238 -5.446960e+01
1239 -5.626601e+01
1240 -5.605998e+01
1241 -5.386061e+01
1242 -4.974597e+01
1243 -4.385928e+01
1244 -3.640671e+01
1245 -2.764959e+01
1246 -1.789536e+01
1247 -7.485505e+00
1248 3.214469e+00
1249 1.382788e+01
1250 2.397891e+01
1251 3.330455e+01
1252 4.146192e+01
1253 4.813806e+01
1254 5.305928e+01
1255 5.600970e+01
1256 5.686120e+01
1257 5.559035e+01
1258 5.227103e+01
1259 4.705482e+01
1260 4.015722e+01
1261 3.184832e+01
1262 2.243756e+01
1263 1.226523e+01
1264 1.692878e+00
1265 -8.906254e+00
1266 -1.916041e+01
1267 -2.871055e+01
1268 -3.722472e+01
1269 -4.440659e+01
1270 -5.000689e+01
1271 -5.383078e+01
1272 -5.574458e+01
1273 -5.568250e+01
1274 -5.364529e+01
1275 -4.970238e+01
1276 -4.398891e+01
1277 -3.670388e+01
1278 -2.809913e+01
1279 -1.847196e+01
1280 -8.156548e+00
1281 2.486131e+00
1282 1.308315e+01
1283 2.326081e+01
1284 3.265535e+01
1285 4.092171e+01
1286 4.774629e+01
1287 5.285485e+01
1288 5.602460e+01
1289 5.710045e+01
1290 5.602089e+01
1291 5.283845e+01
1292 4.771128e+01
1293 4.086970e+01
1294 3.259180e+01
1295 2.318951e+01
1296 1.300528e+01
1297 2.402635e+00
1298 -8.242941e+00
1299 -1.856008e+01
1300 -2.818889e+01
1301 -3.679473e+01
1302 -4.407929e+01
1303 -4.979193e+01
1304 -5.373637e+01
1305 -5.577596e+01
1306 -5.583947e+01
1307 -5.392417e+01
1308 -5.009722e+01
1309 -4.449099e+01
1310 -3.729961e+01
1311 -2.877233e+01
1312 -1.920416e+01
1313 -8.928553e+00
1314 1.694775e+00
1315 1.229345e+01
1316 2.249505e+01
1317 3.193815e+01
1318 4.028186e+01
1319 4.721710e+01
1320 5.247253e+01
1321 5.582275e+01
1322 5.710177e+01
1323 5.623195e+01
1324 5.324071e+01
1325 4.826187e+01
1326 4.151795e+01
1327 3.329383e+01
1328 2.391016e+01
1329 1.371558e+01
1330 3.075889e+00
1331 -7.632330e+00
1332 -1.803189e+01
1333 -2.775807e+01
1334 -3.647114e+01
1335 -4.386690e+01
1336 -4.968834e+01
1337 -5.373297e+01
1338 -5.585946e+01
1339 -5.599403e+01
1340 -5.413340e+01
1341 -5.034327e+01
1342 -4.475525e+01
1343 -3.756348e+01
1344 -2.901889e+01
1345 -1.941980e+01
1346 -9.102516e+00
1347 1.571825e+00
1348 1.222699e+01
1349 2.248449e+01
1350 3.197733e+01
1351 4.036144e+01
1352 4.731753e+01
1353 5.255978e+01
1354 5.584881e+01
1355 5.702444e+01
1356 5.603705e+01
1357 5.295606e+01
1358 4.794190e+01
1359 4.121703e+01
1360 3.304823e+01
1361 2.373933e+01
1362 1.362477e+01
1363 3.063907e+00
1364 -7.569544e+00
1365 -1.790048e+01
1366 -2.756857e+01
1367 -3.623928e+01
1368 -4.361315e+01
1369 -4.943404e+01
1370 -5.349936e+01
1371 -5.566702e+01
1372 -5.586063e+01
1373 -5.407320e+01
1374 -5.036626e+01
1375 -4.486678e+01
1376 -3.776457e+01
1377 -2.930473e+01
1378 -1.978031e+01
1379 -9.522934e+00
1380 1.109728e+00
1381 1.174423e+01
1382 2.200690e+01
1383 3.153350e+01
1384 3.997845e+01
1385 4.702131e+01
1386 5.237504e+01
1387 5.580069e+01
1388 5.713462e+01
1389 5.631382e+01
1390 5.338295e+01
1391 4.848394e+01
1392 4.183515e+01
1393 3.370962e+01
1394 2.441997e+01
1395 1.430707e+01
1396 3.732274e+00
1397 -6.930535e+00
1398 -1.730791e+01
1399 -2.703850e+01
1400 -3.578322e+01
1401 -4.323852e+01
1402 -4.914565e+01
1403 -5.330080e+01
1404 -5.556020e+01
1405 -5.584755e+01
1406 -5.415471e+01
1407 -5.054077e+01
1408 -4.513141e+01
1409 -3.811473e+01
1410 -2.973462e+01
1411 -2.028260e+01
1412 -1.008899e+01
1413 4.894992e-01
1414 1.108199e+01
1415 2.131490e+01
1416 3.082407e+01
1417 3.926538e+01
1418 4.632197e+01
1419 5.171386e+01
1420 5.521290e+01
1421 5.666530e+01
1422 5.600882e+01
1423 5.326879e+01
1424 4.856035e+01
1425 4.208472e+01
1426 3.410900e+01
1427 2.494218e+01
1428 1.492270e+01
1429 4.411162e+00
1430 -6.220391e+00
1431 -1.659923e+01
1432 -2.636175e+01
1433 -3.516581e+01
1434 -4.270414e+01
1435 -4.871499e+01
1436 -5.299009e+01
1437 -5.537969e+01
1438 -5.580016e+01
1439 -5.423717e+01
1440 -5.074489e+01
1441 -4.544387e+01
1442 -3.851647e+01
1443 -3.020334e+01
1444 -2.079506e+01
1445 -1.061921e+01
1446 -3.140203e-02
1447 1.059636e+01
1448 2.088871e+01
1449 3.047963e+01
1450 3.902167e+01
1451 4.619318e+01
1452 5.170544e+01
1453 5.531611e+01
1454 5.685166e+01
1455 5.623686e+01
1456 5.351060e+01
1457 4.881472e+01
1458 4.236311e+01
1459 3.441699e+01
1460 2.527688e+01
1461 1.527596e+01
1462 4.772781e+00
1463 -5.860400e+00
1464 -1.624913e+01
1465 -2.602959e+01
1466 -3.486350e+01
1467 -4.244576e+01
1468 -4.851369e+01
1469 -5.285640e+01
1470 -5.532475e+01
1471 -5.583302e+01
1472 -5.436327e+01
1473 -5.096474e+01
1474 -4.575487e+01
1475 -3.891367e+01
1476 -3.067807e+01
1477 -2.133368e+01
1478 -1.120453e+01
1479 -6.440041e-01
1480 9.978064e+00
1481 2.028758e+01
1482 2.991946e+01
1483 3.852416e+01
1484 4.577551e+01
1485 5.138391e+01
1486 5.510900e+01
1487 5.678094e+01
1488 5.631812e+01
1489 5.373480e+01
1490 4.915239e+01
1491 4.278173e+01
1492 3.489554e+01
1493 2.580485e+01
1494 1.584784e+01
1495 5.383237e+00
1496 -5.218923e+00
1497 -1.558665e+01
1498 -2.535772e+01
1499 -3.419248e+01
1500 -4.178411e+01
1501 -4.787069e+01
1502 -5.224356e+01
1503 -5.475336e+01
1504 -5.531551e+01
1505 -5.391323e+01
1506 -5.059834e+01
1507 -4.548814e+01
1508 -3.876199e+01
1509 -3.065534e+01
1510 -2.145103e+01
1511 -1.147234e+01
1512 -1.068846e+00
1513 9.393783e+00
1514 1.954527e+01
1515 2.902422e+01
1516 3.748771e+01
1517 4.462080e+01
1518 5.014823e+01
1519 5.384699e+01
1520 5.556213e+01
1521 5.522342e+01
1522 5.285084e+01
1523 4.854665e+01
1524 4.248702e+01
1525 3.491039e+01
1526 2.610333e+01
1527 1.638894e+01
1528 6.115604e+00
1529 -4.354147e+00
1530 -1.465333e+01
1531 -2.442078e+01
1532 -3.331387e+01
1533 -4.102178e+01
1534 -4.727411e+01
1535 -5.185154e+01
1536 -5.459264e+01
1537 -5.539799e+01
1538 -5.423688e+01
1539 -5.114461e+01
1540 -4.622663e+01
1541 -3.965023e+01
1542 -3.164099e+01
1543 -2.247530e+01
1544 -1.247106e+01
1545 -1.976398e+00
1546 8.641962e+00
1547 1.901039e+01
1548 2.876048e+01
1549 3.753910e+01
1550 4.501764e+01
1551 5.090016e+01
1552 5.492728e+01
1553 5.689609e+01
1554 5.669527e+01
1555 5.433376e+01
1556 4.993785e+01
1557 4.372137e+01
1558 3.595436e+01
1559 2.694287e+01
1560 1.702298e+01
1561 6.551650e+00
1562 -4.099202e+00
1563 -1.455417e+01
1564 -2.444576e+01
1565 -3.343132e+01
1566 -4.120213e+01
1567 -4.749212e+01
1568 -5.208551e+01
1569 -5.482602e+01
1570 -5.562049e+01
1571 -5.444414e+01
1572 -5.133993e+01
1573 -4.641714e+01
1574 -3.984794e+01
1575 -3.186181e+01
1576 -2.273631e+01
1577 -1.278982e+01
1578 -2.371137e+00
1579 8.155131e+00
1580 1.841779e+01
1581 2.805201e+01
1582 3.670907e+01
1583 4.406459e+01
1584 4.983225e+01
1585 5.377526e+01
1586 5.572825e+01
1587 5.561123e+01
1588 5.343191e+01
1589 4.928717e+01
1590 4.335770e+01
1591 3.588891e+01
1592 2.717113e+01
1593 1.752817e+01
1594 7.307157e+00
1595 -3.128342e+00
1596 -1.341233e+01
1597 -2.318598e+01
1598 -3.210814e+01
1599 -3.986959e+01
1600 -4.620015e+01
1601 -5.088192e+01
1602 -5.375382e+01
1603 -5.471645e+01
1604 -5.373770e+01
1605 -5.085263e+01
1606 -4.616350e+01
1607 -3.983345e+01
1608 -3.208116e+01
1609 -2.317703e+01
1610 -1.343178e+01
1611 -3.186274e+00
1612 7.201176e+00
1613 1.736444e+01
1614 2.694476e+01
1615 3.559947e+01
1616 4.301138e+01
1617 4.889581e+01
1618 5.301161e+01
1619 5.518217e+01
1620 5.530909e+01
1621 5.338377e+01
1622 4.948586e+01
1623 4.377838e+01
1624 3.649410e+01
1625 2.791571e+01
1626 1.836171e+01
1627 8.176777e+00
1628 -2.277125e+00
1629 -1.263277e+01
1630 -2.252695e+01
1631 -3.161274e+01
1632 -3.957205e+01
1633 -4.612513e+01
1634 -5.104255e+01
1635 -5.415065e+01
1636 -5.533790e+01
1637 -5.456054e+01
1638 -5.184176e+01
1639 -4.727158e+01
1640 -4.100530e+01
1641 -3.325856e+01
1642 -2.429939e+01
1643 -1.443735e+01
1644 -4.014550e+00
1645 6.603959e+00
1646 1.704443e+01
1647 2.693589e+01
1648 3.592168e+01
1649 4.366712e+01
1650 4.986706e+01
1651 5.425657e+01
1652 5.662813e+01
1653 5.685697e+01
1654 5.492237e+01
1655 5.091852e+01
1656 4.504010e+01
1657 3.754851e+01
1658 2.874587e+01
1659 1.896282e+01
1660 8.553897e+00
1661 -2.110585e+00
1662 -1.265492e+01
1663 -2.270794e+01
1664 -3.191746e+01
1665 -3.996612e+01
1666 -4.657711e+01
1667 -5.152362e+01
1668 -5.463511e+01
1669 -5.580446e+01
1670 -5.499356e+01
1671 -5.223241e+01
1672 -4.761727e+01
1673 -4.130826e+01
1674 -3.352568e+01
1675 -2.454014e+01
1676 -1.466475e+01
1677 -4.245402e+00
1678 6.353079e+00
1679 1.675680e+01
1680 2.659752e+01
1681 3.552044e+01
1682 4.319298e+01
1683 4.931185e+01
1684 5.361923e+01
1685 5.593137e+01
1686 5.615332e+01
1687 5.428056e+01
1688 5.040271e+01
1689 4.469537e+01
1690 3.739870e+01
1691 2.879956e+01
1692 1.922098e+01
1693 9.010321e+00
1694 -1.469786e+00
1695 -1.185148e+01
1696 -2.177120e+01
1697 -3.088325e+01
1698 -3.887157e+01
1699 -4.545927e+01
1700 -5.042009e+01
1701 -5.358396e+01
1702 -5.484530e+01
1703 -5.416105e+01
1704 -5.155576e+01
1705 -4.712153e+01
1706 -4.101412e+01
1707 -3.344778e+01
1708 -2.468677e+01
1709 -1.503723e+01
1710 -4.836233e+00
1711 5.557943e+00
1712 1.578051e+01
1713 2.546980e+01
1714 3.427626e+01
1715 4.187290e+01
1716 4.796710e+01
1717 5.231667e+01
1718 5.474300e+01
1719 5.514526e+01
1720 5.350970e+01
1721 4.991166e+01
1722 4.450445e+01
1723 3.750676e+01
1724 2.918956e+01
1725 1.986218e+01
1726 9.859670e+00
1727 -4.637401e-01
1728 -1.074455e+01
1729 -2.062473e+01
1730 -2.975873e+01
1731 -3.782785e+01
1732 -4.455077e+01
1733 -4.969339e+01
1734 -5.307705e+01
1735 -5.458274e+01
1736 -5.415618e+01
1737 -5.180912e+01
1738 -4.762084e+01
1739 -4.173480e+01
1740 -3.435375e+01
1741 -2.573204e+01
1742 -1.616792e+01
1743 -5.994047e+00
1744 4.435660e+00
1745 1.475651e+01
1746 2.460405e+01
1747 3.362539e+01
1748 4.149177e+01
1749 4.790526e+01
1750 5.260687e+01
1751 5.538706e+01
1752 5.610356e+01
1753 5.469636e+01
1754 5.121366e+01
1755 4.581661e+01
1756 3.875095e+01
1757 3.031066e+01
1758 2.082021e+01
1759 1.062891e+01
1760 1.027443e-01
1761 -1.038475e+01
1762 -2.046261e+01
1763 -2.977716e+01
1764 -3.800717e+01
1765 -4.486869e+01
1766 -5.012464e+01
1767 -5.359203e+01
1768 -5.514897e+01
1769 -5.474202e+01
1770 -5.238619e+01
1771 -4.816515e+01
1772 -4.222468e+01
1773 -3.477118e+01
1774 -2.606391e+01
1775 -1.640714e+01
1776 -6.138380e+00
1777 4.381521e+00
1778 1.478163e+01
1779 2.469345e+01
1780 3.376036e+01
1781 4.164784e+01
1782 4.805143e+01
1783 5.271042e+01
1784 5.542332e+01
1785 5.607319e+01
1786 5.463443e+01
1787 5.117025e+01
1788 4.583187e+01
1789 3.884389e+01
1790 3.048343e+01
1791 2.106306e+01
1792 1.092364e+01
1793 4.247403e-01
1794 -1.006413e+01
1795 -2.017363e+01
1796 -2.955078e+01
1797 -3.786689e+01
1798 -4.483152e+01
1799 -5.020151e+01
1800 -5.378857e+01
1801 -5.546836e+01
1802 -5.518049e+01
1803 -5.293243e+01
1804 -4.879967e+01
1805 -4.292380e+01
1806 -3.550745e+01
1807 -2.680596e+01
1808 -1.712060e+01
1809 -6.788747e+00
1810 3.828265e+00
1811 1.435735e+01
1812 2.442450e+01
1813 3.366742e+01
1814 4.174265e+01
1815 4.833578e+01
1816 5.317235e+01
1817 5.603586e+01
1818 5.679357e+01
1819 5.541826e+01
1820 5.198692e+01
1821 4.666129e+01
1822 3.966770e+01
1823 3.128419e+01
1824 2.182627e+01
1825 1.163786e+01
1826 1.081514e+00
1827 -9.471616e+00
1828 -1.965372e+01
1829 -2.911016e+01
1830 -3.751284e+01
1831 -4.457128e+01
1832 -5.004139e+01
1833 -5.373491e+01
1834 -5.552515e+01
1835 -5.535059e+01
1836 -5.321908e+01
1837 -4.920400e+01
1838 -4.344414e+01
1839 -3.613977e+01
1840 -2.754405e+01
1841 -1.795493e+01
1842 -7.707211e+00
1843 2.841363e+00
1844 1.332184e+01
1845 2.336565e+01
1846 3.261701e+01
1847 4.074198e+01
1848 4.743773e+01
1849 5.244102e+01
1850 5.553430e+01
1851 5.656438e+01
1852 5.545913e+01
1853 5.225371e+01
1854 4.710031e+01
1855 4.023762e+01
1856 3.195261e+01
1857 2.256366e+01
1858 1.241484e+01
1859 1.870956e+00
1860 -8.693063e+00
1861 -1.890705e+01
1862 -2.841281e+01
1863 -3.687763e+01
1864 -4.400759e+01
1865 -4.955379e+01
1866 -5.332542e+01
1867 -5.519278e+01
1868 -5.509220e+01
1869 -5.302753e+01
1870 -4.907211e+01
1871 -4.336476e+01
1872 -3.610501e+01
1873 -2.754730e+01
1874 -1.799141e+01
1875 -7.772266e+00
1876 2.750537e+00
1877 1.320541e+01
1878 2.322269e+01
1879 3.244164e+01
1880 4.052306e+01
1881 4.715779e+01
1882 5.207896e+01
1883 5.507897e+01
1884 5.603210e+01
1885 5.490189e+01
1886 5.173780e+01
1887 4.667273e+01
1888 3.991594e+01
1889 3.173718e+01
1890 2.244723e+01
1891 1.238479e+01
1892 1.911042e+00
1893 -8.602423e+00
1894 -1.878471e+01
1895 -2.827716e+01
1896 -3.674681e+01
1897 -4.389977e+01
1898 -4.948759e+01
1899 -5.331683e+01
1900 -5.525236e+01
1901 -5.522600e+01
1902 -5.323565e+01
1903 -4.934777e+01
1904 -4.369542e+01
1905 -3.647260e+01
1906 -2.792831e+01
1907 -1.836035e+01
1908 -8.101504e+00
1909 2.488897e+00
1910 1.304003e+01
1911 2.317897e+01
1912 3.254193e+01
1913 4.078262e+01
1914 4.757843e+01
1915 5.263712e+01
1916 5.572485e+01
1917 5.670136e+01
1918 5.554041e+01
1919 5.232053e+01
1920 4.720145e+01
1921 4.040310e+01
1922 3.219416e+01
1923 2.288326e+01
1924 1.280878e+01
1925 2.328031e+00
1926 -8.189928e+00
1927 -1.837838e+01
1928 -2.788416e+01
1929 -3.637725e+01
1930 -4.356499e+01
1931 -4.919894e+01
1932 -5.308520e+01
1933 -5.509189e+01
1934 -5.515060e+01
1935 -5.326090e+01
1936 -4.948988e+01
1937 -4.396797e+01
1938 -3.688797e+01
1939 -2.849625e+01
1940 -1.908328e+01
1941 -8.976502e+00
1942 1.473345e+00
1943 1.189908e+01
1944 2.193307e+01
1945 3.121602e+01
1946 3.940676e+01
1947 4.619718e+01
1948 5.132680e+01
1949 5.459697e+01
1950 5.587416e+01
1951 5.508798e+01
1952 5.224724e+01
1953 4.746457e+01
1954 4.094935e+01
1955 3.297751e+01
1956 2.386321e+01
1957 1.394576e+01
1958 3.581273e+00
1959 -6.862902e+00
1960 -1.701984e+01
1961 -2.653521e+01
1962 -3.507798e+01
1963 -4.235089e+01
1964 -4.810283e+01
1965 -5.213591e+01
1966 -5.431214e+01
1967 -5.455922e+01
1968 -5.286914e+01
1969 -4.930149e+01
1970 -4.398134e+01
1971 -3.709551e+01
1972 -2.888532e+01
1973 -1.963733e+01
1974 -9.674827e+00
1975 6.530793e-01
1976 1.098417e+01
1977 2.095419e+01
1978 3.020899e+01
1979 3.841745e+01
1980 4.527688e+01
1981 5.052244e+01
1982 5.393615e+01
1983 5.536057e+01
1984 5.472068e+01
1985 5.204058e+01
1986 4.743772e+01
1987 4.110497e+01
1988 3.329587e+01
1989 2.430750e+01
1990 1.446921e+01
1991 4.133910e+00
1992 -6.332208e+00
1993 -1.655937e+01
1994 -2.618530e+01
1995 -3.487022e+01
1996 -4.231003e+01
1997 -4.824726e+01
1998 -5.247389e+01
1999 -5.483943e+01
2000 -5.525771e+01
2001 -5.370898e+01
2002 -5.024298e+01
2003 -4.497545e+01
2004 -3.808500e+01
2005 -2.980858e+01
2006 -2.043108e+01
2007 -1.027914e+01
2008 2.939468e-01
2009 1.091786e+01
2010 2.121591e+01
2011 3.081713e+01
2012 3.936603e+01
2013 4.653179e+01
2014 5.201927e+01
2015 5.558718e+01
2016 5.706790e+01
2017 5.638565e+01
2018 5.357365e+01
2019 4.877487e+01
2020 4.221188e+01
2021 3.415943e+01
2022 2.492847e+01
2023 1.485826e+01
2024 4.308653e+00
2025 -6.347566e+00
2026 -1.673647e+01
2027 -2.649601e+01
2028 -3.528631e+01
2029 -4.280434e+01
2030 -4.879094e+01
2031 -5.303821e+01
2032 -5.540068e+01
2033 -5.579723e+01
2034 -5.421674e+01
2035 -5.071542e+01
2036 -4.541591e+01
2037 -3.850275e+01
2038 -3.021647e+01
2039 -2.084611e+01
2040 -1.071779e+01
2041 -1.857862e-01
2042 1.038115e+01
2043 2.060980e+01
2044 3.013745e+01
2045 3.862087e+01
2046 4.574329e+01
2047 5.122287e+01
2048 5.482505e+01
2049 5.638777e+01
2050 5.585032e+01
2051 5.324309e+01
2052 4.867513e+01
2053 4.233714e+01
2054 3.448807e+01
2055 2.543536e+01
2056 1.551731e+01
2057 5.092217e+00
2058 -5.469438e+00
2059 -1.579595e+01
2060 -2.552693e+01
2061 -3.432422e+01
2062 -4.188113e+01
2063 -4.793495e+01
2064 -5.227704e+01
2065 -5.475667e+01
2066 -5.528912e+01
2067 -5.385689e+01
2068 -5.050988e+01
2069 -4.536523e+01
2070 -3.860216e+01
2071 -3.045745e+01
2072 -2.121515e+01
2073 -1.119761e+01
2074 -7.551268e-01
2075 9.745190e+00
2076 1.993366e+01
2077 2.944745e+01
2078 3.794384e+01
2079 4.510766e+01
2080 5.066114e+01
2081 5.437478e+01
2082 5.607994e+01
2083 5.568889e+01
2084 5.321506e+01
2085 4.877274e+01
2086 4.255669e+01
2087 3.481969e+01
2088 2.585718e+01
2089 1.599563e+01
2090 5.587348e+00
2091 -4.998572e+00
2092 -1.538964e+01
2093 -2.522058e+01
2094 -3.414548e+01
2095 -4.184891e+01
2096 -4.806282e+01
2097 -5.257129e+01
2098 -5.521554e+01
2099 -5.590109e+01
2100 -5.460181e+01
2101 -5.135884e+01
2102 -4.628190e+01
2103 -3.954322e+01
2104 -3.137258e+01
2105 -2.205158e+01
2106 -1.190379e+01
2107 -1.283538e+00
2108 9.438086e+00
2109 1.988331e+01
2110 2.967917e+01
2111 3.846789e+01
2112 4.591624e+01
2113 5.172590e+01
2114 5.565007e+01
2115 5.751140e+01
2116 5.721049e+01
2117 5.474343e+01
2118 5.021847e+01
2119 4.384493e+01
2120 3.589825e+01
2121 2.669584e+01
2122 1.658176e+01
2123 5.921702e+00
2124 -4.906146e+00
2125 -1.551965e+01
2126 -2.554632e+01
2127 -3.463580e+01
2128 -4.247251e+01
2129 -4.878390e+01
2130 -5.334979e+01
2131 -5.601245e+01
2132 -5.668009e+01
2133 -5.533157e+01
2134 -5.201445e+01
2135 -4.684227e+01
2136 -3.999520e+01
2137 -3.171323e+01
2138 -2.228559e+01
2139 -1.204132e+01
2140 -1.339402e+00
2141 9.443232e+00
2142 1.992434e+01
2143 2.973138e+01
2144 3.850811e+01
2145 4.592125e+01
2146 5.166789e+01
2147 5.549271e+01
2148 5.721657e+01
2149 5.677370e+01
2150 5.420735e+01
2151 4.965014e+01
2152 4.330882e+01
2153 3.544649e+01
2154 2.636779e+01
2155 1.640588e+01
2156 5.918755e+00
2157 -4.721167e+00
2158 -1.513950e+01
2159 -2.497376e+01
2160 -3.388102e+01
2161 -4.155112e+01
2162 -4.772182e+01
2163 -5.218540e+01
2164 -5.479186e+01
2165 -5.545393e+01
2166 -5.415087e+01
2167 -5.092975e+01
2168 -4.590525e+01
2169 -3.925450e+01
2170 -3.120983e+01
2171 -2.205471e+01
2172 -1.210822e+01
2173 -1.718282e+00
2174 8.750405e+00
2175 1.893097e+01
2176 2.846171e+01
2177 3.699856e+01
2178 4.422564e+01
2179 4.986537e+01
2180 5.369368e+01
2181 5.555406e+01
2182 5.536162e+01
2183 5.311703e+01
2184 4.891584e+01
2185 4.293838e+01
2186 3.542973e+01
2187 2.667869e+01
2188 1.700730e+01
2189 6.762480e+00
2190 -3.692760e+00
2191 -1.399051e+01
2192 -2.377094e+01
2193 -3.269257e+01
2194 -4.044275e+01
2195 -4.675026e+01
2196 -5.139472e+01
2197 -5.421390e+01
2198 -5.510933e+01
2199 -5.404826e+01
2200 -5.106556e+01
2201 -4.626260e+01
2202 -3.980333e+01
2203 -3.191127e+01
2204 -2.286054e+01
2205 -1.296469e+01
2206 -2.568950e+00
2207 7.962580e+00
2208 1.825875e+01
2209 2.795454e+01
2210 3.670045e+01
2211 4.417037e+01
2212 5.007147e+01
2213 5.415779e+01
2214 5.624776e+01
2215 5.623133e+01
2216 5.408844e+01
2217 4.990833e+01
2218 4.388274e+01
2219 3.627570e+01
2220 2.739282e+01
2221 1.756823e+01
2222 7.157863e+00
2223 -3.467460e+00
2224 -1.393308e+01
2225 -2.386966e+01
2226 -3.292743e+01
2227 -4.079129e+01
2228 -4.719072e+01
2229 -5.190492e+01
2230 -5.477031e+01
2231 -5.568735e+01
2232 -5.462341e+01
2233 -5.161482e+01
2234 -4.676549e+01
2235 -4.024356e+01
2236 -3.227760e+01
2237 -2.314395e+01
2238 -1.316010e+01
2239 -2.675715e+00
2240 7.943159e+00
2241 1.831911e+01
2242 2.808152e+01
2243 3.687461e+01
2244 4.436344e+01
2245 5.024546e+01
2246 5.426684e+01
2247 5.625170e+01
2248 5.612681e+01
2249 5.392536e+01
2250 4.976295e+01
2251 4.381803e+01
2252 3.632551e+01
2253 2.756915e+01
2254 1.787084e+01
2255 7.578767e+00
2256 -2.943709e+00
2257 -1.332948e+01
2258 -2.321605e+01
2259 -3.225928e+01
2260 -4.014416e+01
2261 -4.659821e+01
2262 -5.139936e+01
2263 -5.438076e+01
2264 -5.543855e+01
2265 -5.453640e+01
2266 -5.170502e+01
2267 -4.704324e+01
2268 -4.071186e+01
2269 -3.292837e+01
2270 -2.396288e+01
2271 -1.412575e+01
2272 -3.758486e+00
2273 6.777221e+00
2274 1.711168e+01
2275 2.688258e+01
2276 3.574243e+01
2277 4.336975e+01
2278 4.947545e+01
2279 5.381033e+01
2280 5.617456e+01
2281 5.643426e+01
2282 5.455390e+01
2283 5.061607e+01
2284 4.480772e+01
2285 3.738541e+01
2286 2.864890e+01
2287 1.892727e+01
2288 8.572222e+00
2289 -2.045654e+00
2290 -1.255168e+01
2291 -2.257744e+01
2292 -3.177208e+01
2293 -3.981560e+01
2294 -4.642591e+01
2295 -5.137372e+01
2296 -5.448619e+01
2297 -5.565540e+01
2298 -5.484245e+01
2299 -5.207678e+01
2300 -4.745469e+01
2301 -4.113661e+01
2302 -3.334334e+01
2303 -2.434542e+01
2304 -1.445667e+01
2305 -4.022816e+00
2306 6.588197e+00
2307 1.700187e+01
2308 2.684986e+01
2309 3.577880e+01
2310 4.346149e+01
2311 4.960581e+01
2312 5.396141e+01
2313 5.633082e+01
2314 5.659775e+01
2315 5.474089e+01
2316 5.083282e+01
2317 4.504141e+01
2318 3.761242e+01
2319 2.884253e+01
2320 1.906230e+01
2321 8.625584e+00
2322 -2.094796e+00
2323 -1.271764e+01
2324 -2.286678e+01
2325 -3.218403e+01
2326 -4.034141e+01
2327 -4.705478e+01
2328 -5.209056e+01
2329 -5.527245e+01
2330 -5.648654e+01
2331 -5.568735e+01
2332 -5.290008e+01
2333 -4.821855e+01
2334 -4.180074e+01
2335 -3.386840e+01
2336 -2.469576e+01
2337 -1.460193e+01
2338 -3.940431e+00
2339 6.914738e+00
2340 1.758102e+01
2341 2.767915e+01
2342 3.684169e+01
2343 4.471875e+01
2344 5.098094e+01
2345 5.533657e+01
2346 5.757173e+01
2347 5.759810e+01
2348 5.545700e+01
2349 5.128446e+01
2350 4.528007e+01
2351 3.769164e+01
2352 2.881058e+01
2353 1.896084e+01
2354 8.496205e+00
2355 -2.215034e+00
2356 -1.279848e+01
2357 -2.288612e+01
2358 -3.212852e+01
2359 -4.020648e+01
2360 -4.684243e+01
2361 -5.180881e+01
2362 -5.493652e+01
2363 -5.611944e+01
2364 -5.532050e+01
2365 -5.256980e+01
2366 -4.796391e+01
2367 -4.166429e+01
2368 -3.389037e+01
2369 -2.491338e+01
2370 -1.504566e+01
2371 -4.629992e+00
2372 5.969658e+00
2373 1.638119e+01
2374 2.623772e+01
2375 3.518614e+01
2376 4.290118e+01
2377 4.908884e+01
2378 5.350189e+01
2379 5.595319e+01
2380 5.633055e+01
2381 5.460454e+01
2382 5.084303e+01
2383 4.521270e+01
2384 3.795850e+01
2385 2.937673e+01
2386 1.979501e+01
2387 9.561720e+00
2388 -9.562760e-01
2389 -1.138653e+01
2390 -2.136357e+01
2391 -3.053977e+01
2392 -3.859685e+01
2393 -4.525613e+01
2394 -5.028844e+01
2395 -5.352196e+01
2396 -5.484696e+01
2397 -5.422111e+01
2398 -5.166953e+01
2399 -4.728382e+01
2400 -4.121785e+01
2401 -3.368517e+01
2402 -2.495055e+01
2403 -1.532017e+01
2404 -5.131793e+00
2405 5.257428e+00
2406 1.548123e+01
2407 2.517769e+01
2408 3.400058e+01
2409 4.162994e+01
2410 4.777925e+01
2411 5.220925e+01
2412 5.474003e+01
2413 5.526273e+01
2414 5.374675e+01
2415 5.024719e+01
2416 4.490681e+01
2417 3.793774e+01
2418 2.960680e+01
2419 2.022096e+01
2420 1.012110e+01
2421 -3.325330e-01
2422 -1.077048e+01
2423 -2.082390e+01
2424 -3.013618e+01
2425 -3.837893e+01
2426 -4.526484e+01
2427 -5.055395e+01
2428 -5.405864e+01
2429 -5.564989e+01
2430 -5.526567e+01
2431 -5.291173e+01
2432 -4.866345e+01
2433 -4.266174e+01
2434 -3.511098e+01
2435 -2.626759e+01
2436 -1.643580e+01
2437 -5.956080e+00
2438 4.805887e+00
2439 1.547135e+01
2440 2.566301e+01
2441 3.501338e+01
2442 4.317115e+01
2443 4.980454e+01
2444 5.461604e+01
2445 5.737241e+01
2446 5.793454e+01
2447 5.628206e+01
2448 5.251082e+01
2449 4.681151e+01
2450 3.944363e+01
2451 3.070826e+01
2452 2.093615e+01
2453 1.048323e+01
2454 -2.801564e-01
2455 -1.097594e+01
2456 -2.122984e+01
2457 -3.068740e+01
2458 -3.902203e+01
2459 -4.594752e+01
2460 -5.122640e+01
2461 -5.467957e+01
2462 -5.619038e+01
2463 -5.571179e+01
2464 -5.326419e+01
2465 -4.893648e+01
2466 -4.288192e+01
2467 -3.531216e+01
2468 -2.649311e+01
2469 -1.673316e+01
2470 -6.371902e+00
2471 4.227024e+00
2472 1.469161e+01
2473 2.465320e+01
2474 3.375608e+01
2475 4.166721e+01
2476 4.808267e+01
2477 5.274147e+01
2478 5.544264e+01
2479 5.607377e+01
2480 5.461936e+01
2481 5.115707e+01
2482 4.584150e+01
2483 3.889686e+01
2484 3.059922e+01
2485 2.126295e+01
2486 1.122773e+01
2487 8.492368e-01
2488 -9.505317e+00
2489 -1.947457e+01
2490 -2.871176e+01
2491 -3.689592e+01
2492 -4.374629e+01
2493 -4.902630e+01
2494 -5.255581e+01
2495 -5.421492e+01
2496 -5.394949e+01
2497 -5.177179e+01
2498 -4.776093e+01
2499 -4.205860e+01
2500 -3.486445e+01
2501 -2.643024e+01
2502 -1.705115e+01
2503 -7.056454e+00
2504 3.203178e+00
2505 1.336825e+01
2506 2.308148e+01
2507 3.199880e+01
2508 3.979887e+01
2509 4.619219e+01
2510 5.093295e+01
2511 5.382659e+01
2512 5.474968e+01
2513 5.365767e+01
2514 5.058680e+01
2515 4.565680e+01
2516 3.906493e+01
2517 3.106782e+01
2518 2.196504e+01
2519 1.208849e+01
2520 1.791436e+00
2521 -8.562393e+00
2522 -1.860892e+01
2523 -2.799521e+01
2524 -3.638851e+01
2525 -4.349324e+01
2526 -4.905739e+01
2527 -5.288427e+01
2528 -5.483588e+01
2529 -5.483926e+01
2530 -5.288885e+01
2531 -4.904669e+01
2532 -4.344096e+01
2533 -3.626097e+01
2534 -2.775267e+01
2535 -1.820877e+01
2536 -7.959457e+00
2537 2.638264e+00
2538 1.321168e+01
2539 2.338684e+01
2540 3.279936e+01
2541 4.110488e+01
2542 4.798452e+01
2543 5.315059e+01
2544 5.636351e+01
2545 5.745568e+01
2546 5.636299e+01
2547 5.313460e+01
2548 4.792410e+01
2549 4.096554e+01
2550 3.254663e+01
2551 2.298948e+01
2552 1.264129e+01
2553 1.872082e+00
2554 -8.938027e+00
2555 -1.940674e+01
2556 -2.916669e+01
2557 -3.787658e+01
2558 -4.523181e+01
2559 -5.097530e+01
2560 -5.490635e+01
2561 -5.688634e+01
2562 -5.684755e+01
2563 -5.478999e+01
2564 -5.078367e+01
2565 -4.496275e+01
2566 -3.752562e+01
2567 -2.873139e+01
2568 -1.888371e+01
2569 -8.325631e+00
2570 2.574936e+00
2571 1.343443e+01
2572 2.386911e+01
2573 3.350618e+01
2574 4.199228e+01
2575 4.899311e+01
2576 5.420152e+01
2577 5.736094e+01
2578 5.831916e+01
2579 5.704918e+01
2580 5.363255e+01
2581 4.824755e+01
2582 4.114690e+01
2583 3.262739e+01
2584 2.301590e+01
2585 1.266554e+01
2586 1.945764e+00
2587 -8.763490e+00
2588 -1.908887e+01
2589 -2.867350e+01
2590 -3.718596e+01
2591 -4.433433e+01
2592 -4.987766e+01
2593 -5.363170e+01
2594 -5.547525e+01
2595 -5.535022e+01
2596 -5.326582e+01
2597 -4.930179e+01
2598 -4.360233e+01
2599 -3.637173e+01
2600 -2.786644e+01
2601 -1.838527e+01
2602 -8.262884e+00
2603 2.144993e+00
2604 1.247234e+01
2605 2.235685e+01
2606 3.145068e+01
2607 3.942762e+01
2608 4.599413e+01
2609 5.090027e+01
2610 5.395046e+01
2611 5.501864e+01
2612 5.406024e+01
2613 5.111701e+01
2614 4.631363e+01
2615 3.985018e+01
2616 3.197675e+01
2617 2.298710e+01
2618 1.320619e+01
2619 2.984066e+00
2620 -7.318809e+00
2621 -1.734049e+01
2622 -2.672959e+01
2623 -3.515588e+01
2624 -4.232344e+01
2625 -4.798409e+01
2626 -5.194111e+01
2627 -5.405559e+01
2628 -5.425173e+01
2629 -5.251931e+01
2630 -4.891527e+01
2631 -4.356301e+01
2632 -3.664596e+01
2633 -2.840211e+01
2634 -1.911661e+01
2635 -9.113281e+00
2636 1.259293e+00
2637 1.163840e+01
2638 2.165933e+01
2639 3.096496e+01
2640 3.921826e+01
2641 4.610952e+01
2642 5.136324e+01
2643 5.475069e+01
2644 5.611016e+01
2645 5.536684e+01
2646 5.254418e+01
2647 4.776475e+01
2648 4.123573e+01
2649 3.322505e+01
2650 2.403903e+01
2651 1.401299e+01
2652 3.503235e+00
2653 -7.117069e+00
2654 -1.747490e+01
2655 -2.720639e+01
2656 -3.596911e+01
2657 -4.345561e+01
2658 -4.940201e+01
2659 -5.359814e+01
2660 -5.589481e+01
2661 -5.620594e+01
2662 -5.451579e+01
2663 -5.087991e+01
2664 -4.542065e+01
2665 -3.832389e+01
2666 -2.983209e+01
2667 -2.023618e+01
2668 -9.868840e+00
2669 9.081031e-01
2670 1.171571e+01
2671 2.217186e+01
2672 3.190351e+01
2673 4.055337e+01
2674 4.778386e+01
2675 5.327846e+01
2676 5.676663e+01
2677 5.807094e+01
2678 5.714130e+01
2679 5.404837e+01
2680 4.896155e+01
2681 4.212136e+01
2682 3.381746e+01
2683 2.437176e+01
2684 1.413297e+01
2685 3.467194e+00
2686 -7.246889e+00
2687 -1.763193e+01
2688 -2.732400e+01
2689 -3.599205e+01
2690 -4.334526e+01
2691 -4.913517e+01
2692 -5.316839e+01
2693 -5.531119e+01
2694 -5.549546e+01
2695 -5.371977e+01
2696 -5.005118e+01
2697 -4.462250e+01
2698 -3.762582e+01
2699 -2.930690e+01
2700 -1.995826e+01
2701 -9.908069e+00
2702 4.913514e-01
2703 1.087594e+01
2704 2.088055e+01
2705 3.015359e+01
2706 3.836593e+01
2707 4.521952e+01
2708 5.045664e+01
2709 5.387044e+01
2710 5.531553e+01
2711 5.472867e+01
2712 5.213720e+01
2713 4.765061e+01
2714 4.145060e+01
2715 3.377456e+01
2716 2.490863e+01
2717 1.517512e+01
2718 4.921581e+00
2719 -5.489894e+00
2720 -1.569386e+01
2721 -2.533317e+01
2722 -3.407018e+01
2723 -4.159889e+01
2724 -4.765506e+01
2725 -5.202548e+01
2726 -5.455404e+01
2727 -5.514714e+01
2728 -5.378202e+01
2729 -5.050242e+01
2730 -4.541921e+01
2731 -3.870463e+01
2732 -3.058628e+01
2733 -2.134530e+01
2734 -1.130131e+01
2735 -8.047552e-01
2736 9.777288e+00
2737 2.007400e+01
2738 2.971983e+01
2739 3.836696e+01
2740 4.569125e+01
2741 5.139829e+01
2742 5.523515e+01
2743 5.700977e+01
2744 5.662018e+01
2745 5.407309e+01
2746 4.948962e+01
2747 4.308861e+01
2748 3.514911e+01
2749 2.598521e+01
2750 1.593512e+01
2751 5.358707e+00
2752 -5.369297e+00
2753 -1.587068e+01
2754 -2.577660e+01
2755 -3.474282e+01
2756 -4.245526e+01
2757 -4.864568e+01
2758 -5.309731e+01
2759 -5.565619e+01
2760 -5.623470e+01
2761 -5.481280e+01
2762 -5.143927e+01
2763 -4.622901e+01
2764 -3.936402e+01
2765 -3.108484e+01
2766 -2.167980e+01
2767 -1.147638e+01
2768 -8.319122e-01
2769 9.879229e+00
2770 2.027814e+01
2771 2.999609e+01
2772 3.868198e+01
2773 4.601006e+01
2774 5.168003e+01
2775 5.543187e+01
2776 5.708514e+01
2777 5.657599e+01
2778 5.395252e+01
2779 4.935187e+01
2780 4.297920e+01
2781 3.509184e+01
2782 2.599093e+01
2783 1.600945e+01
2784 5.503599e+00
2785 -5.153991e+00
2786 -1.558873e+01
2787 -2.543511e+01
2788 -3.435042e+01
2789 -4.202460e+01
2790 -4.819404e+01
2791 -5.264632e+01
2792 -5.522992e+01
2793 -5.585597e+01
2794 -5.450283e+01
2795 -5.121750e+01
2796 -4.611457e+01
2797 -3.937147e+01
2798 -3.122083e+01
2799 -2.194689e+01
2800 -1.187317e+01
2801 -1.351101e+00
2802 9.250092e+00
2803 1.955785e+01
2804 2.920837e+01
2805 3.785368e+01
2806 4.516883e+01
2807 5.085944e+01
2808 5.467732e+01
2809 5.644202e+01
2810 5.607308e+01
2811 5.360743e+01
2812 4.918118e+01
2813 4.299533e+01
2814 3.530042e+01
2815 2.639100e+01
2816 1.659197e+01
2817 6.254363e+00
2818 -4.257038e+00
2819 -1.457334e+01
2820 -2.433550e+01
2821 -3.320573e+01
2822 -4.087590e+01
2823 -4.708117e+01
2824 -5.160977e+01
2825 -5.430683e+01
2826 -5.508053e+01
2827 -5.390486e+01
2828 -5.082233e+01
2829 -4.594239e+01
2830 -3.943529e+01
2831 -3.152612e+01
2832 -2.249032e+01
2833 -1.264176e+01
2834 -2.324161e+00
2835 8.100545e+00
2836 1.826835e+01
2837 2.782029e+01
2838 3.641526e+01
2839 4.373906e+01
2840 4.951554e+01
2841 5.351626e+01
2842 5.557386e+01
2843 5.557875e+01
2844 5.349682e+01
2845 4.939980e+01
2846 4.347274e+01
2847 3.597619e+01
2848 2.721096e+01
2849 1.750674e+01
2850 7.213575e+00
2851 -3.301757e+00
2852 -1.366595e+01
2853 -2.351211e+01
2854 -3.249610e+01
2855 -4.030810e+01
2856 -4.667691e+01
2857 -5.138293e+01
2858 -5.426105e+01
2859 -5.521084e+01
2860 -5.419675e+01
2861 -5.125348e+01
2862 -4.648067e+01
2863 -4.004249e+01
2864 -3.216293e+01
2865 -2.311537e+01
2866 -1.321385e+01
2867 -2.804339e+00
2868 7.747428e+00
2869 1.806973e+01
2870 2.779542e+01
2871 3.657193e+01
2872 4.406895e+01
2873 4.998761e+01
2874 5.406759e+01
2875 5.611765e+01
2876 5.605093e+01
2877 5.389191e+01
2878 4.975751e+01
2879 4.383496e+01
2880 3.636519e+01
2881 2.763075e+01
2882 1.794937e+01
2883 7.665063e+00
2884 -2.859861e+00
2885 -1.325707e+01
2886 -2.316472e+01
2887 -3.223698e+01
2888 -4.015827e+01
2889 -4.665294e+01
2890 -5.149510e+01
2891 -5.451676e+01
2892 -5.561215e+01
2893 -5.474120e+01
2894 -5.193279e+01
2895 -4.728308e+01
2896 -4.094986e+01
2897 -3.315077e+01
2898 -2.415473e+01
2899 -1.427227e+01
2900 -3.847901e+00
2901 6.754260e+00
2902 1.716375e+01
2903 2.701407e+01
2904 3.595472e+01
2905 4.365618e+01
2906 4.981479e+01
2907 5.416472e+01
2908 5.649319e+01
2909 5.666438e+01
2910 5.466200e+01
2911 5.060357e+01
2912 4.470324e+01
2913 3.722769e+01
2914 2.847789e+01
2915 1.878036e+01
2916 8.482820e+00
2917 -2.048643e+00
2918 -1.244438e+01
2919 -2.234095e+01
2920 -3.139533e+01
2921 -3.929654e+01
2922 -4.577281e+01
2923 -5.060414e+01
2924 -5.362852e+01
2925 -5.474681e+01
2926 -5.392414e+01
2927 -5.119236e+01
2928 -4.665153e+01
2929 -4.046437e+01
2930 -3.284948e+01
2931 -2.407429e+01
2932 -1.444687e+01
2933 -4.303913e+00
2934 5.997676e+00
2935 1.609462e+01
2936 2.563198e+01
2937 3.427150e+01
2938 4.170553e+01
2939 4.766109e+01
2940 5.190857e+01
2941 5.427825e+01
2942 5.466760e+01
2943 5.304676e+01
2944 4.946975e+01
2945 4.407651e+01
2946 3.708184e+01
2947 2.875727e+01
2948 1.941210e+01
2949 9.382869e+00
2950 -9.725174e-01
2951 -1.128630e+01
2952 -2.119225e+01
2953 -3.034111e+01
2954 -3.841527e+01
2955 -4.513351e+01
2956 -5.025860e+01
2957 -5.360716e+01
2958 -5.505601e+01
2959 -5.454728e+01
2960 -5.209329e+01
2961 -4.777311e+01
2962 -4.172894e+01
2963 -3.416634e+01
2964 -2.534518e+01
2965 -1.556734e+01
2966 -5.171707e+00
2967 5.477964e+00
2968 1.600804e+01
2969 2.604637e+01
2970 3.523148e+01
2971 4.322082e+01
2972 4.969738e+01
2973 5.437405e+01
2974 5.701923e+01
2975 5.749789e+01
2976 5.579442e+01
2977 5.200321e+01
2978 4.630749e+01
2979 3.894927e+01
2980 3.021911e+01
2981 2.044152e+01
2982 9.967685e+00
2983 -8.314592e-01
2984 -1.157631e+01
2985 -2.189221e+01
2986 -3.141832e+01
2987 -3.982269e+01
2988 -4.681237e+01
2989 -5.214355e+01
2990 -5.563037e+01
2991 -5.714856e+01
2992 -5.664456e+01
2993 -5.413399e+01
2994 -4.970279e+01
2995 -4.349889e+01
2996 -3.573597e+01
2997 -2.668117e+01
2998 -1.664835e+01
2999 -5.983951e+00
3000 4.940234e+00
3001 1.574003e+01
3002 2.603495e+01
3003 3.545757e+01
3004 4.366308e+01
3005 5.033225e+01
3006 5.517391e+01
3007 5.794826e+01
3008 5.850141e+01
3009 5.680149e+01
3010 5.295476e+01
3011 4.717233e+01
3012 3.972591e+01
3013 3.092222e+01
3014 2.109264e+01
3015 1.059236e+01
3016 -2.059783e-01
3017 -1.092377e+01
3018 -2.118709e+01
3019 -3.063947e+01
3020 -3.895712e+01
3021 -4.585609e+01
3022 -5.110168e+01
3023 -5.451940e+01
3024 -5.599653e+01
3025 -5.548749e+01
3026 -5.301652e+01
3027 -4.867492e+01
3028 -4.261977e+01
3029 -3.506689e+01
3030 -2.628313e+01
3031 -1.657682e+01
3032 -6.289543e+00
3033 4.216205e+00
3034 1.457191e+01
3035 2.441486e+01
3036 3.339589e+01
3037 4.119211e+01
3038 4.751370e+01
3039 5.211074e+01
3040 5.479367e+01
3041 5.544817e+01
3042 5.404737e+01
3043 5.065202e+01
3044 4.541089e+01
3045 3.854194e+01
3046 3.031860e+01
3047 2.105001e+01
3048 1.107046e+01
3049 7.350466e-01
3050 -9.590105e+00
3051 -1.953989e+01
3052 -2.876527e+01
3053 -3.694332e+01
3054 -4.378906e+01
3055 -4.906499e+01
3056 -5.258987e+01
3057 -5.424202e+01
3058 -5.396364e+01
3059 -5.176265e+01
3060 -4.771645e+01
3061 -4.196499e+01
3062 -3.470758e+01
3063 -2.619729e+01
3064 -1.673051e+01
3065 -6.637978e+00
3066 3.725615e+00
3067 1.399617e+01
3068 2.381030e+01
3069 3.281724e+01
3070 4.069066e+01
3071 4.713647e+01
3072 5.190093e+01
3073 5.477937e+01
3074 5.563822e+01
3075 5.442855e+01
3076 5.119893e+01
3077 4.608952e+01
3078 3.930808e+01
3079 3.111552e+01
3080 2.181044e+01
3081 1.172473e+01
3082 1.214143e+00
3083 -9.350548e+00
3084 -1.959725e+01
3085 -2.916575e+01
3086 -3.771905e+01
3087 -4.495359e+01
3088 -5.061145e+01
3089 -5.448966e+01
3090 -5.644569e+01
3091 -5.640227e+01
3092 -5.435252e+01
3093 -5.035679e+01
3094 -4.454594e+01
3095 -3.711254e+01
3096 -2.830963e+01
3097 -1.843663e+01
3098 -7.833043e+00
3099 3.131911e+00
3100 1.407535e+01
3101 2.460995e+01
3102 3.435654e+01
3103 4.295536e+01
3104 5.006441e+01
3105 5.536353e+01
3106 5.856869e+01
3107 5.949106e+01
3108 5.808260e+01
3109 5.444428e+01
3110 4.878830e+01
3111 4.139434e+01
3112 3.257900e+01
3113 2.268404e+01
3114 1.207175e+01
3115 1.121506e+00
3116 -9.780035e+00
3117 -2.025023e+01
3118 -2.992513e+01
3119 -3.847394e+01
3120 -4.561295e+01
3121 -5.110566e+01
3122 -5.477066e+01
3123 -5.648966e+01
3124 -5.621007e+01
3125 -5.394977e+01
3126 -4.979514e+01
3127 -4.389831e+01
3128 -3.646852e+01
3129 -2.777001e+01
3130 -1.810999e+01
3131 -7.825952e+00
3132 2.722859e+00
3133 1.316471e+01
3134 2.313332e+01
3135 3.227923e+01
3136 4.027806e+01
3137 4.683906e+01
3138 5.171487e+01
3139 5.471018e+01
3140 5.569419e+01
3141 5.462115e+01
3142 5.154132e+01
3143 4.659264e+01
3144 3.998216e+01
3145 3.196805e+01
3146 2.284813e+01
3147 1.295161e+01
3148 2.630737e+00
3149 -7.750652e+00
3150 -1.782642e+01
3151 -2.724545e+01
3152 -3.567803e+01
3153 -4.283017e+01
3154 -4.845081e+01
3155 -5.234621e+01
3156 -5.437993e+01
3157 -5.448043e+01
3158 -5.264209e+01
3159 -4.892812e+01
3160 -4.346977e+01
3161 -3.645451e+01
3162 -2.812492e+01
3163 -1.877103e+01
3164 -8.717368e+00
3165 1.682159e+00
3166 1.206259e+01
3167 2.205634e+01
3168 3.130896e+01
3169 3.948574e+01
3170 4.628035e+01
3171 5.142441e+01
3172 5.470047e+01
3173 5.595792e+01
3174 5.513040e+01
3175 5.224492e+01
3176 4.742710e+01
3177 4.088384e+01
3178 3.287606e+01
3179 2.370250e+01
3180 1.369503e+01
3181 3.208770e+00
3182 -7.387407e+00
3183 -1.772039e+01
3184 -2.742733e+01
3185 -3.616883e+01
3186 -4.363646e+01
3187 -4.956503e+01
3188 -5.374243e+01
3189 -5.601897e+01
3190 -5.630815e+01
3191 -5.459478e+01
3192 -5.093094e+01
3193 -4.543760e+01
3194 -3.829962e+01
3195 -2.976148e+01
3196 -2.011522e+01
3197 -9.693911e+00
3198 1.139934e+00
3199 1.200640e+01
3200 2.252202e+01
3201 3.231233e+01
3202 4.102130e+01
3203 4.831750e+01
3204 5.389428e+01
3205 5.747894e+01
3206 5.886208e+01
3207 5.795573e+01
3208 5.482316e+01
3209 4.964366e+01
3210 4.266830e+01
3211 3.419421e+01
3212 2.454929e+01
3213 1.408789e+01
3214 3.182865e+00
3215 -7.779973e+00
3216 -1.841349e+01
3217 -2.834129e+01
3218 -3.721851e+01
3219 -4.474619e+01
3220 -5.067061e+01
3221 -5.478795e+01
3222 -5.695689e+01
3223 -5.710558e+01
3224 -5.522977e+01
3225 -5.139794e+01
3226 -4.574463e+01
3227 -3.846509e+01
3228 -2.981542e+01
3229 -2.009799e+01
3230 -9.652560e+00
3231 1.156209e+00
3232 1.194887e+01
3233 2.234605e+01
3234 3.197881e+01
3235 4.050206e+01
3236 4.759943e+01
3237 5.298815e+01
3238 5.642775e+01
3239 5.774043e+01
3240 5.686652e+01
3241 5.386561e+01
3242 4.889161e+01
3243 4.217062e+01
3244 3.397560e+01
3245 2.461801e+01
3246 1.443685e+01
3247 3.794400e+00
3248 -6.934727e+00
3249 -1.737256e+01
3250 -2.715615e+01
3251 -3.594670e+01
3252 -4.343917e+01
3253 -4.937304e+01
3254 -5.354407e+01
3255 -5.580933e+01
3256 -5.609315e+01
3257 -5.438584e+01
3258 -5.074898e+01
3259 -4.531181e+01
3260 -3.826519e+01
3261 -2.985276e+01
3262 -2.036827e+01
3263 -1.014204e+01
3264 4.669553e-01
3265 1.108539e+01
3266 2.134009e+01
3267 3.086764e+01
3268 3.932582e+01
3269 4.640087e+01
3270 5.181261e+01
3271 5.532825e+01
3272 5.678296e+01
3273 5.611479e+01
3274 5.336664e+01
3275 4.866883e+01
3276 4.221851e+01
3277 3.426810e+01
3278 2.511705e+01
3279 1.509836e+01
3280 4.568927e+00
3281 -6.098702e+00
3282 -1.652946e+01
3283 -2.635964e+01
3284 -3.524690e+01
3285 -4.287837e+01
3286 -4.898665e+01
3287 -5.335668e+01
3288 -5.583574e+01
3289 -5.633446e+01
3290 -5.483299e+01
3291 -5.138011e+01
3292 -4.609137e+01
3293 -3.914710e+01
3294 -3.078616e+01
3295 -2.129860e+01
3296 -1.101338e+01
3297 -2.873453e-01
3298 1.050326e+01
3299 2.097705e+01
3300 3.076188e+01
3301 3.950447e+01
3302 4.687949e+01
3303 5.259327e+01
3304 5.639265e+01
3305 5.808558e+01
3306 5.757165e+01
3307 5.486973e+01
3308 5.011597e+01
3309 4.353541e+01
3310 3.540480e+01
3311 2.603778e+01
3312 1.577750e+01
3313 4.991189e+00
3314 -5.940246e+00
3315 -1.663029e+01
3316 -2.670286e+01
3317 -3.580214e+01
3318 -4.361240e+01
3319 -4.986604e+01
3320 -5.434825e+01
3321 -5.690244e+01
3322 -5.744049e+01
3323 -5.593957e+01
3324 -5.245038e+01
3325 -4.709131e+01
3326 -4.004619e+01
3327 -3.155948e+01
3328 -2.192505e+01
3329 -1.147733e+01
3330 -5.789980e-01
3331 1.038663e+01
3332 2.103357e+01
3333 3.098313e+01
3334 3.987742e+01
3335 4.738071e+01
3336 5.318563e+01
3337 5.701650e+01
3338 5.866852e+01
3339 5.805798e+01
3340 5.523738e+01
3341 5.037242e+01
3342 4.370280e+01
3343 3.551536e+01
3344 2.612685e+01
3345 1.588504e+01
3346 5.154248e+00
3347 -5.686941e+00
3348 -1.625836e+01
3349 -2.619310e+01
3350 -3.514855e+01
3351 -4.281616e+01
3352 -4.893354e+01
3353 -5.329393e+01
3354 -5.575276e+01
3355 -5.622932e+01
3356 -5.471272e+01
3357 -5.125980e+01
3358 -4.599857e+01
3359 -3.911732e+01
3360 -3.085774e+01
3361 -2.151017e+01
3362 -1.140220e+01
3363 -8.893038e-01
3364 9.658393e+00
3365 1.986856e+01
3366 2.938068e+01
3367 3.785883e+01
3368 4.499667e+01
3369 5.052377e+01
3370 5.421985e+01
3371 5.592523e+01
3372 5.556319e+01
3373 5.314973e+01
3374 4.879087e+01
3375 4.266963e+01
3376 3.502667e+01
3377 2.614994e+01
3378 1.636151e+01
3379 6.008984e+00
3380 -4.541984e+00
3381 -1.491826e+01
3382 -2.475647e+01
3383 -3.371037e+01
3384 -4.146354e+01
3385 -4.774416e+01
3386 -5.233239e+01
3387 -5.506573e+01
3388 -5.584462e+01
3389 -5.463831e+01
3390 -5.148464e+01
3391 -4.648731e+01
3392 -3.981598e+01
3393 -3.169583e+01
3394 -2.240865e+01
3395 -1.227541e+01
3396 -1.650187e+00
3397 9.096423e+00
3398 1.958505e+01
3399 2.944286e+01
3400 3.831590e+01
3401 4.587268e+01
3402 5.181017e+01
3403 5.586262e+01
3404 5.781594e+01
3405 5.755348e+01
3406 5.508603e+01
3407 5.054957e+01
3408 4.416855e+01
3409 3.621560e+01
3410 2.699968e+01
3411 1.685907e+01
3412 6.158888e+00
3413 -4.721505e+00
3414 -1.540029e+01
3415 -2.550174e+01
3416 -3.467312e+01
3417 -4.259509e+01
3418 -4.899164e+01
3419 -5.364117e+01
3420 -5.638201e+01
3421 -5.711882e+01
3422 -5.582651e+01
3423 -5.254974e+01
3424 -4.740031e+01
3425 -4.055523e+01
3426 -3.225347e+01
3427 -2.278425e+01
3428 -1.247659e+01
3429 -1.688004e+00
3430 9.202283e+00
3431 1.980936e+01
3432 2.975613e+01
3433 3.868701e+01
3434 4.626931e+01
3435 5.220294e+01
3436 5.622050e+01
3437 5.811131e+01
3438 5.778105e+01
3439 5.526818e+01
3440 5.071474e+01
3441 4.433407e+01
3442 3.639156e+01
3443 2.719479e+01
3444 1.708132e+01
3445 6.412996e+00
3446 -4.432534e+00
3447 -1.507457e+01
3448 -2.513817e+01
3449 -3.427334e+01
3450 -4.216709e+01
3451 -4.855150e+01
3452 -5.320759e+01
3453 -5.597641e+01
3454 -5.676375e+01
3455 -5.554309e+01
3456 -5.235736e+01
3457 -4.731825e+01
3458 -4.060123e+01
3459 -3.243850e+01
3460 -2.311240e+01
3461 -1.294840e+01
3462 -2.299941e+00
3463 8.458617e+00
3464 1.895053e+01
3465 2.880573e+01
3466 3.767349e+01
3467 4.522993e+01
3468 5.118207e+01
3469 5.527886e+01
3470 5.732241e+01
3471 5.719670e+01
3472 5.490035e+01
3473 5.055433e+01
3474 4.437428e+01
3475 3.662671e+01
3476 2.761408e+01
3477 1.766882e+01
3478 7.146710e+00
3479 -3.582179e+00
3480 -1.413917e+01
3481 -2.415525e+01
3482 -3.328294e+01
3483 -4.120441e+01
3484 -4.764404e+01
3485 -5.237765e+01
3486 -5.524249e+01
3487 -5.614015e+01
3488 -5.504297e+01
3489 -5.198886e+01
3490 -4.708451e+01
3491 -4.050165e+01
3492 -3.247179e+01
3493 -2.327416e+01
3494 -1.323012e+01
3495 -2.691912e+00
3496 7.972001e+00
3497 1.838319e+01
3498 2.817338e+01
3499 3.699336e+01
3500 4.452095e+01
3501 5.046834e+01
3502 5.458683e+01
3503 5.668101e+01
3504 5.664014e+01
3505 5.446802e+01
3506 5.027860e+01
3507 4.426193e+01
3508 3.666617e+01
3509 2.778094e+01
3510 1.792854e+01
3511 7.460061e+00
3512 -3.254505e+00
3513 -1.383361e+01
3514 -2.390606e+01
3515 -3.311841e+01
3516 -4.114777e+01
3517 -4.771275e+01
3518 -5.258508e+01
3519 -5.559266e+01
3520 -5.662912e+01
3521 -5.565339e+01
3522 -5.269602e+01
3523 -4.785365e+01
3524 -4.129090e+01
3525 -3.323218e+01
3526 -2.395517e+01
3527 -1.377947e+01
3528 -3.060485e+00
3529 7.825181e+00
3530 1.849440e+01
3531 2.856921e+01
3532 3.768684e+01
3533 4.550628e+01
3534 5.171436e+01
3535 5.603012e+01
3536 5.822172e+01
3537 5.816396e+01
3538 5.588270e+01
3539 5.152087e+01
3540 4.529632e+01
3541 3.747659e+01
3542 2.837003e+01
3543 1.831193e+01
3544 7.661968e+00
3545 -3.203126e+00
3546 -1.390283e+01
3547 -2.406563e+01
3548 -3.333619e+01
3549 -4.139631e+01
3550 -4.796997e+01
3551 -5.283126e+01
3552 -5.581506e+01
3553 -5.682293e+01
3554 -5.582040e+01
3555 -5.284437e+01
3556 -4.799976e+01
3557 -4.145748e+01
3558 -3.344533e+01
3559 -2.424272e+01
3560 -1.417049e+01
3561 -3.579928e+00
3562 7.158345e+00
3563 1.766909e+01
3564 2.758170e+01
3565 3.654070e+01
3566 4.422052e+01
3567 5.032790e+01
3568 5.461035e+01
3569 5.686580e+01
3570 5.697084e+01
3571 5.490998e+01
3572 5.079242e+01
3573 4.482624e+01
3574 3.727580e+01
3575 2.844004e+01
3576 1.864614e+01
3577 8.247278e+00
3578 -2.386247e+00
3579 -1.287615e+01
3580 -2.285209e+01
3581 -3.196700e+01
3582 -3.991271e+01
3583 -4.641746e+01
3584 -5.125758e+01
3585 -5.426831e+01
3586 -5.534728e+01
3587 -5.446050e+01
3588 -5.163993e+01
3589 -4.698612e+01
3590 -4.066286e+01
3591 -3.289352e+01
3592 -2.394941e+01
3593 -1.414297e+01
3594 -3.819204e+00
3595 6.661180e+00
3596 1.692785e+01
3597 2.661912e+01
3598 3.538873e+01
3599 4.291993e+01
3600 4.893110e+01
3601 5.318319e+01
3602 5.549172e+01
3603 5.574898e+01
3604 5.393953e+01
3605 5.014306e+01
3606 4.452442e+01
3607 3.730688e+01
3608 2.875967e+01
3609 1.919292e+01
3610 8.947542e+00
3611 -1.613438e+00
3612 -1.211828e+01
3613 -2.219794e+01
3614 -3.149852e+01
3615 -3.969279e+01
3616 -4.649159e+01
3617 -5.165184e+01
3618 -5.498761e+01
3619 -5.637500e+01
3620 -5.576053e+01
3621 -5.315784e+01
3622 -4.864953e+01
3623 -4.238634e+01
3624 -3.457891e+01
3625 -2.549311e+01
3626 -1.544102e+01
3627 -4.771089e+00
3628 6.145228e+00
3629 1.692333e+01
3630 2.718074e+01
3631 3.654830e+01
3632 4.468072e+01
3633 5.125878e+01
3634 5.598916e+01
3635 5.861521e+01
3636 5.896148e+01
3637 5.700446e+01
3638 5.287482e+01
3639 4.680322e+01
3640 3.907117e+01
3641 2.999263e+01
3642 1.990769e+01
3643 9.179443e+00
3644 -1.814813e+00
3645 -1.268930e+01
3646 -2.306394e+01
3647 -3.257853e+01
3648 -4.090401e+01
3649 -4.775487e+01
3650 -5.289481e+01
3651 -5.615168e+01
3652 -5.741363e+01
3653 -5.664255e+01
3654 -5.386752e+01
3655 -4.918790e+01
3656 -4.276781e+01
3657 -3.483100e+01
3658 -2.565364e+01
3659 -1.555791e+01
3660 -4.896151e+00
3661 5.957725e+00
3662 1.662337e+01
3663 2.672403e+01
3664 3.590206e+01
3665 4.382492e+01
3666 5.019040e+01
3667 5.473466e+01
3668 5.724496e+01
3669 5.758309e+01
3670 5.573036e+01
3671 5.179353e+01
3672 4.597354e+01
3673 3.852764e+01
3674 2.974905e+01
3675 1.996484e+01
3676 9.528279e+00
3677 -1.191456e+00
3678 -1.181277e+01
3679 -2.195967e+01
3680 -3.127952e+01
3681 -3.945448e+01
3682 -4.620570e+01
3683 -5.130161e+01
3684 -5.456595e+01
3685 -5.588881e+01
3686 -5.522570e+01
3687 -5.260017e+01
3688 -4.810631e+01
3689 -4.190316e+01
3690 -3.420623e+01
3691 -2.528362e+01
3692 -1.544715e+01
3693 -5.041878e+00
3694 5.563504e+00
3695 1.599569e+01
3696 2.588888e+01
3697 3.488715e+01
3698 4.265900e+01
3699 4.890080e+01
3700 5.334429e+01
3701 5.578039e+01
3702 5.609906e+01
3703 5.431228e+01
3704 5.053115e+01
3705 4.494260e+01
3706 3.778000e+01
3707 2.931893e+01
3708 1.986518e+01
3709 9.758713e+00
3710 -6.444517e-01
3711 -1.097719e+01
3712 -2.088107e+01
3713 -3.001264e+01
3714 -3.805832e+01
3715 -4.473958e+01
3716 -4.982591e+01
3717 -5.314164e+01
3718 -5.457413e+01
3719 -5.407432e+01
3720 -5.166288e+01
3721 -4.742402e+01
3722 -4.150598e+01
3723 -3.411408e+01
3724 -2.550560e+01
3725 -1.598026e+01
3726 -5.870831e+00
3727 4.470819e+00
3728 1.468149e+01
3729 2.440249e+01
3730 3.328517e+01
3731 4.100683e+01
3732 4.727728e+01
3733 5.184925e+01
3734 5.452946e+01
3735 5.519355e+01
3736 5.380158e+01
3737 5.041010e+01
3738 4.517201e+01
3739 3.831387e+01
3740 3.010721e+01
3741 2.086079e+01
3742 1.090501e+01
3743 5.915944e-01
3744 -9.714708e+00
3745 -1.964923e+01
3746 -2.886565e+01
3747 -3.704651e+01
3748 -4.391285e+01
3749 -4.922438e+01
3750 -5.279470e+01
3751 -5.450060e+01
3752 -5.428036e+01
3753 -5.213997e+01
3754 -4.814872e+01
3755 -4.244240e+01
3756 -3.521624e+01
3757 -2.671908e+01
3758 -1.724447e+01
3759 -7.120458e+00
3760 3.301778e+00
3761 1.365904e+01
3762 2.358568e+01
3763 3.273088e+01
3764 4.076347e+01
3765 4.737861e+01
3766 5.230251e+01
3767 5.530221e+01
3768 5.621184e+01
3769 5.497096e+01
3770 5.164729e+01
3771 4.642021e+01
3772 3.953347e+01
3773 3.126841e+01
3774 2.193548e+01
3775 1.187335e+01
3776 1.438463e+00
3777 -9.000607e+00
3778 -1.908245e+01
3779 -2.845474e+01
3780 -3.679342e+01
3781 -4.380933e+01
3782 -4.925849e+01
3783 -5.295347e+01
3784 -5.476742e+01
3785 -5.464075e+01
3786 -5.257933e+01
3787 -4.865483e+01
3788 -4.300465e+01
3789 -3.582508e+01
3790 -2.736621e+01
3791 -1.792233e+01
3792 -7.821900e+00
3793 2.580798e+00
3794 1.292096e+01
3795 2.283261e+01
3796 3.196681e+01
3797 3.999416e+01
3798 4.661672e+01
3799 5.157522e+01
3800 5.465335e+01
3801 5.569305e+01
3802 5.462797e+01
3803 5.150661e+01
3804 4.648655e+01
3805 3.979214e+01
3806 3.169539e+01
3807 2.249827e+01
3808 1.253337e+01
3809 2.156168e+00
3810 -8.260332e+00
3811 -1.834749e+01
3812 -2.775876e+01
3813 -3.617578e+01
3814 -4.330678e+01
3815 -4.890131e+01
3816 -5.276294e+01
3817 -5.475641e+01
3818 -5.481063e+01
3819 -5.292134e+01
3820 -4.914873e+01
3821 -4.362048e+01
3822 -3.652466e+01
3823 -2.810469e+01
3824 -1.865345e+01
3825 -8.497545e+00
3826 2.007616e+00
3827 1.249376e+01
3828 2.259246e+01
3829 3.194346e+01
3830 4.020652e+01
3831 4.706618e+01
3832 5.223071e+01
3833 5.544903e+01
3834 5.654326e+01
3835 5.546230e+01
3836 5.228647e+01
3837 4.719746e+01
3838 4.043159e+01
3839 3.226293e+01
3840 2.299944e+01
3841 1.297422e+01
3842 2.544126e+00
3843 -7.925615e+00
3844 -1.806904e+01
3845 -2.753410e+01
3846 -3.599115e+01
3847 -4.315011e+01
3848 -4.876325e+01
3849 -5.263861e+01
3850 -5.464299e+01
3851 -5.470922e+01
3852 -5.283914e+01
3853 -4.909909e+01
3854 -4.362020e+01
3855 -3.659263e+01
3856 -2.826127e+01
3857 -1.892030e+01
3858 -8.894279e+00
3859 1.467233e+00
3860 1.179908e+01
3861 2.173802e+01
3862 3.093304e+01
3863 3.905112e+01
3864 4.579154e+01
3865 5.088758e+01
3866 5.411796e+01
3867 5.532472e+01
3868 5.446710e+01
3869 5.161029e+01
3870 4.688537e+01
3871 4.048834e+01
3872 3.266915e+01
3873 2.371610e+01
3874 1.395348e+01
3875 3.726996e+00
3876 -6.600623e+00
3877 -1.667079e+01
3878 -2.613299e+01
3879 -3.465996e+01
3880 -4.195346e+01
3881 -4.776124e+01
3882 -5.187990e+01
3883 -5.416581e+01
3884 -5.453895e+01
3885 -5.298178e+01
3886 -4.954661e+01
3887 -4.435358e+01
3888 -3.758144e+01
3889 -2.945904e+01
3890 -2.026753e+01
3891 -1.032559e+01
3892 2.147924e-02
3893 1.041051e+01
3894 2.047751e+01
3895 2.986660e+01
3896 3.824203e+01
3897 4.528823e+01
3898 5.072681e+01
3899 5.432082e+01
3900 5.589497e+01
3901 5.535520e+01
3902 5.271983e+01
3903 4.812048e+01
3904 4.177492e+01
3905 3.395068e+01
3906 2.495249e+01
3907 1.510975e+01
3908 4.775750e+00
3909 -5.681328e+00
3910 -1.588912e+01
3911 -2.549166e+01
3912 -3.416313e+01
3913 -4.161000e+01
3914 -4.757523e+01
3915 -5.185180e+01
3916 -5.429037e+01
3917 -5.480775e+01
3918 -5.338686e+01
3919 -5.007694e+01
3920 -4.499282e+01
3921 -3.830748e+01
3922 -3.025225e+01
3923 -2.110752e+01
3924 -1.119118e+01
3925 -8.470367e-01
3926 9.562218e+00
3927 1.967143e+01
3928 2.912483e+01
3929 3.758399e+01
3930 4.473483e+01
3931 5.029831e+01
3932 5.403585e+01
3933 5.576879e+01
3934 5.540222e+01
3935 5.294510e+01
3936 4.852256e+01
3937 4.234113e+01
3938 3.465854e+01
3939 2.576918e+01
3940 1.600103e+01
3941 5.702610e+00
3942 -4.761653e+00
3943 -1.502598e+01
3944 -2.472936e+01
3945 -3.353643e+01
3946 -4.113946e+01
3947 -4.727469e+01
3948 -5.172463e+01
3949 -5.433494e+01
3950 -5.501439e+01
3951 -5.373856e+01
3952 -5.055275e+01
3953 -4.556644e+01
3954 -3.894891e+01
3955 -3.093117e+01
3956 -2.179080e+01
3957 -1.184841e+01
3958 -1.450444e+00
3959 9.039720e+00
3960 1.925232e+01
3961 2.882520e+01
3962 3.741170e+01
3963 4.469263e+01
3964 5.038912e+01
3965 5.426193e+01
3966 5.612562e+01
3967 5.587219e+01
3968 5.351159e+01
3969 4.916382e+01
3970 4.302970e+01
3971 3.535968e+01
3972 2.644560e+01
3973 1.661203e+01
3974 6.209815e+00
3975 -4.394805e+00
3976 -1.482830e+01
3977 -2.472187e+01
3978 -3.373076e+01
3979 -4.154142e+01
3980 -4.788125e+01
3981 -5.252937e+01
3982 -5.531940e+01
3983 -5.614978e+01
3984 -5.498813e+01
3985 -5.186904e+01
3986 -4.689562e+01
3987 -4.023564e+01
3988 -3.211410e+01
3989 -2.281225e+01
3990 -1.265147e+01
3991 -1.984738e+00
3992 8.814927e+00
3993 1.936693e+01
3994 2.929687e+01
3995 3.824996e+01
3996 4.588958e+01
3997 5.190651e+01
3998 5.601435e+01
3999 5.796935e+01
4000 5.763039e+01
4001 5.504328e+01
4002 5.039729e+01
4003 4.394656e+01
4004 3.597678e+01
4005 2.680077e+01
4006 1.675576e+01
4007 6.203073e+00
4008 -4.482545e+00
4009 -1.492840e+01
4010 -2.477066e+01
4011 -3.367427e+01
4012 -4.133550e+01
4013 -4.749448e+01
4014 -5.194592e+01
4015 -5.454314e+01
4016 -5.520449e+01
4017 -5.391417e+01
4018 -5.072456e+01
4019 -4.575306e+01
4020 -3.917927e+01
4021 -3.123386e+01
4022 -2.219995e+01
4023 -1.239345e+01
4024 -2.159295e+00
4025 8.142543e+00
4026 1.814998e+01
4027 2.751172e+01
4028 3.589389e+01
4029 4.299054e+01
4030 4.853312e+01
4031 5.229911e+01
4032 5.413303e+01
4033 5.397066e+01
4034 5.183382e+01
4035 4.782204e+01
4036 4.209873e+01
4037 3.488797e+01
4038 2.646281e+01
4039 1.713218e+01
4040 7.231410e+00
4041 -2.890031e+00
4042 -1.287143e+01
4043 -2.236022e+01
4044 -3.103480e+01
4045 -3.859811e+01
4046 -4.478640e+01
4047 -4.938652e+01
4048 -5.223595e+01
4049 -5.323349e+01
4050 -5.234418e+01
4051 -4.959799e+01
4052 -4.508864e+01
4053 -3.897079e+01
4054 -3.145118e+01
4055 -2.279284e+01
4056 -1.329880e+01
4057 -3.299467e+00
4058 6.857664e+00
4059 1.681697e+01
4060 2.622710e+01
4061 3.475287e+01
4062 4.208439e+01
4063 4.793811e+01
4064 5.205713e+01
4065 5.423947e+01
4066 5.437892e+01
4067 5.248457e+01
4068 4.865961e+01
4069 4.307683e+01
4070 3.596274e+01
4071 2.758657e+01
4072 1.825207e+01
4073 8.294870e+00
4074 -1.934734e+00
4075 -1.207977e+01
4076 -2.178617e+01
4077 -3.071644e+01
4078 -3.856277e+01
4079 -4.505022e+01
4080 -4.995282e+01
4081 -5.309444e+01
4082 -5.436415e+01
4083 -5.371385e+01
4084 -5.116203e+01
4085 -4.679608e+01
4086 -4.076002e+01
4087 -3.325860e+01
4088 -2.454952e+01
4089 -1.493072e+01
4090 -4.736236e+00
4091 5.679112e+00
4092 1.595127e+01
4093 2.572131e+01
4094 3.463981e+01
4095 4.237972e+01
4096 4.864445e+01
4097 5.317335e+01
4098 5.574298e+01
4099 5.618939e+01
4100 5.446039e+01
4101 5.065029e+01
4102 4.496726e+01
4103 3.767576e+01
4104 2.907267e+01
4105 1.948507e+01
4106 9.262869e+00
4107 -1.222294e+00
4108 -1.159867e+01
4109 -2.152001e+01
4110 -3.065080e+01
4111 -3.867593e+01
4112 -4.531899e+01
4113 -5.034716e+01
4114 -5.358532e+01
4115 -5.492511e+01
4116 -5.432000e+01
4117 -5.178927e+01
4118 -4.741979e+01
4119 -4.136547e+01
4120 -3.383609e+01
4121 -2.509282e+01
4122 -1.543719e+01
4123 -5.209417e+00
4124 5.236540e+00
4125 1.553244e+01
4126 2.531768e+01
4127 3.424086e+01
4128 4.197409e+01
4129 4.821783e+01
4130 5.270472e+01
4131 5.522243e+01
4132 5.564221e+01
4133 5.394951e+01
4134 5.025087e+01
4135 4.473482e+01
4136 3.764206e+01
4137 2.924504e+01
4138 1.985725e+01
4139 9.813436e+00
4140 -5.304855e-01
4141 -1.081010e+01
4142 -2.066681e+01
4143 -2.975784e+01
4144 -3.776878e+01
4145 -4.442261e+01
4146 -4.948905e+01
4147 -5.278980e+01
4148 -5.421415e+01
4149 -5.370992e+01
4150 -5.129948e+01
4151 -4.707012e+01
4152 -4.116791e+01
4153 -3.379815e+01
4154 -2.521516e+01
4155 -1.572304e+01
4156 -5.652585e+00
4157 4.646228e+00
4158 1.480887e+01
4159 2.447772e+01
4160 3.330520e+01
4161 4.097691e+01
4162 4.720457e+01
4163 5.174249e+01
4164 5.438611e+01
4165 5.499646e+01
4166 5.355452e+01
4167 5.015475e+01
4168 4.495300e+01
4169 3.815329e+01
4170 3.000908e+01
4171 2.081298e+01
4172 1.089210e+01
4173 5.960606e-01
4174 -9.716926e+00
4175 -1.968567e+01
4176 -2.896533e+01
4177 -3.723024e+01
4178 -4.419106e+01
4179 -4.960438e+01
4180 -5.327514e+01
4181 -5.507391e+01
4182 -5.493070e+01
4183 -5.284485e+01
4184 -4.888430e+01
4185 -4.317614e+01
4186 -3.591286e+01
4187 -2.733872e+01
4188 -1.774910e+01
4189 -7.474017e+00
4190 3.129514e+00
4191 1.369199e+01
4192 2.384213e+01
4193 3.322292e+01
4194 4.148875e+01
4195 4.832420e+01
4196 5.344021e+01
4197 5.657759e+01
4198 5.754140e+01
4199 5.626112e+01
4200 5.282164e+01
4201 4.742530e+01
4202 4.033547e+01
4203 3.185122e+01
4204 2.229407e+01
4205 1.201292e+01
4206 1.376611e+00
4207 -9.243276e+00
4208 -1.947430e+01
4209 -2.896034e+01
4210 -3.737590e+01
4211 -4.443412e+01
4212 -4.989331e+01
4213 -5.356759e+01
4214 -5.533639e+01
4215 -5.514309e+01
4216 -5.299870e+01
4217 -4.898085e+01
4218 -4.323487e+01
4219 -3.596338e+01
4220 -2.741928e+01
4221 -1.790521e+01
4222 -7.754836e+00
4223 2.678820e+00
4224 1.302821e+01
4225 2.293057e+01
4226 3.203463e+01
4227 4.001184e+01
4228 4.656371e+01
4229 5.141940e+01
4230 5.435598e+01
4231 5.523920e+01
4232 5.404846e+01
4233 5.086218e+01
4234 4.583897e+01
4235 3.919155e+01
4236 3.118237e+01
4237 2.211191e+01
4238 1.231228e+01
4239 2.134167e+00
4240 -8.053065e+00
4241 -1.789347e+01
4242 -2.705865e+01
4243 -3.524423e+01
4244 -4.216813e+01
4245 -4.759286e+01
4246 -5.132944e+01
4247 -5.324837e+01
4248 -5.328318e+01
4249 -5.143553e+01
4250 -4.776894e+01
4251 -4.241242e+01
4252 -3.555017e+01
4253 -2.741900e+01
4254 -1.830026e+01
4255 -8.511222e+00
4256 1.603945e+00
4257 1.169399e+01
4258 2.140337e+01
4259 3.038779e+01
4260 3.832184e+01
4261 4.491335e+01
4262 4.990172e+01
4263 5.307375e+01
4264 5.428668e+01
4265 5.349152e+01
4266 5.073530e+01
4267 4.614139e+01
4268 3.989827e+01
4269 3.224038e+01
4270 2.344862e+01
4271 1.383512e+01
4272 3.739984e+00
4273 -6.480103e+00
4274 -1.646913e+01
4275 -2.587993e+01
4276 -3.438459e+01
4277 -4.168644e+01
4278 -4.752780e+01
4279 -5.170131e+01
4280 -5.405494e+01
4281 -5.450408e+01
4282 -5.302794e+01
4283 -4.967056e+01
4284 -4.453958e+01
4285 -3.780603e+01
4286 -2.969788e+01
4287 -2.049100e+01
4288 -1.050372e+01
4289 -8.390422e-02
4290 1.040773e+01
4291 2.060301e+01
4292 3.013948e+01
4293 3.867774e+01
4294 4.590320e+01
4295 5.151845e+01
4296 5.525571e+01
4297 5.689059e+01
4298 5.629921e+01
4299 5.351339e+01
4300 4.870967e+01
4301 4.214465e+01
4302 3.410258e+01
4303 2.489806e+01
4304 1.486771e+01
4305 4.375484e+00
4306 -6.210427e+00
4307 -1.652016e+01
4308 -2.619150e+01
4309 -3.489062e+01
4310 -4.231765e+01
4311 -4.821553e+01
4312 -5.238109e+01
4313 -5.467468e+01
4314 -5.501793e+01
4315 -5.340352e+01
4316 -4.989048e+01
4317 -4.460929e+01
4318 -3.774251e+01
4319 -2.953420e+01
4320 -2.027214e+01
4321 -1.028356e+01
4322 8.306844e-02
4323 1.046301e+01
4324 2.048922e+01
4325 2.980818e+01
4326 3.808437e+01
4327 4.501528e+01
4328 5.033845e+01
4329 5.383792e+01
4330 5.533394e+01
4331 5.474456e+01
4332 5.211962e+01
4333 4.758833e+01
4334 4.134160e+01
4335 3.362078e+01
4336 2.471653e+01
4337 1.495704e+01
4338 4.694951e+00
4339 -5.697816e+00
4340 -1.585187e+01
4341 -2.543190e+01
4342 -3.411877e+01
4343 -4.161285e+01
4344 -4.764811e+01
4345 -5.200725e+01
4346 -5.453581e+01
4347 -5.513888e+01
4348 -5.378926e+01
4349 -5.052735e+01
4350 -4.546148e+01
4351 -3.876047e+01
4352 -3.064935e+01
4353 -2.140511e+01
4354 -1.134469e+01
4355 -8.161721e-01
4356 9.815777e+00
4357 2.017606e+01
4358 2.989420e+01
4359 3.862276e+01
4360 4.602867e+01
4361 5.180520e+01
4362 5.567886e+01
4363 5.743677e+01
4364 5.698632e+01
4365 5.437691e+01
4366 4.977141e+01
4367 4.338676e+01
4368 3.548637e+01
4369 2.636970e+01
4370 1.636207e+01
4371 5.818051e+00
4372 -4.892211e+00
4373 -1.539756e+01
4374 -2.533510e+01
4375 -3.436075e+01
4376 -4.216380e+01
4377 -4.847397e+01
4378 -5.307023e+01
4379 -5.579452e+01
4380 -5.655382e+01
4381 -5.532460e+01
4382 -5.214642e+01
4383 -4.712464e+01
4384 -4.043397e+01
4385 -3.230265e+01
4386 -2.301186e+01
4387 -1.288065e+01
4388 -2.261587e+00
4389 8.473827e+00
4390 1.894827e+01
4391 2.879670e+01
4392 3.766825e+01
4393 4.523499e+01
4394 5.119908e+01
4395 5.530592e+01
4396 5.734870e+01
4397 5.720433e+01
4398 5.486884e+01
4399 5.047667e+01
4400 4.425217e+01
4401 3.647308e+01
4402 2.744892e+01
4403 1.751225e+01
4404 7.021939e+00
4405 -3.652176e+00
4406 -1.413259e+01
4407 -2.405638e+01
4408 -3.307469e+01
4409 -4.087877e+01
4410 -4.719640e+01
4411 -5.181500e+01
4412 -5.457753e+01
4413 -5.539398e+01
4414 -5.423999e+01
4415 -5.115719e+01
4416 -4.626031e+01
4417 -3.972137e+01
4418 -3.177220e+01
4419 -2.269240e+01
4420 -1.280354e+01
4421 -2.455476e+00
4422 7.987311e+00
4423 1.815822e+01
4424 2.769800e+01
4425 3.626532e+01
4426 4.354847e+01
4427 4.927098e+01
4428 5.319899e+01
4429 5.514396e+01
4430 5.502582e+01
4431 5.288089e+01
4432 4.881589e+01
4433 4.300107e+01
4434 3.566211e+01
4435 2.707123e+01
4436 1.753586e+01
4437 7.396438e+00
4438 -2.991593e+00
4439 -1.325793e+01
4440 -2.304650e+01
4441 -3.201434e+01
4442 -3.984989e+01
4443 -4.628245e+01
4444 -5.108227e+01
4445 -5.407558e+01
4446 -5.515517e+01
4447 -5.427952e+01
4448 -5.147119e+01
4449 -4.682790e+01
4450 -4.050233e+01
4451 -3.270633e+01
4452 -2.370902e+01
4453 -1.381881e+01
4454 -3.380589e+00
4455 7.239525e+00
4456 1.767457e+01
4457 2.755229e+01
4458 3.651737e+01
4459 4.423826e+01
4460 5.041221e+01
4461 5.476819e+01
4462 5.708211e+01
4463 5.721293e+01
4464 5.514876e+01
4465 5.100619e+01
4466 4.499739e+01
4467 3.738328e+01
4468 2.845993e+01
4469 1.855698e+01
4470 8.030244e+00
4471 -2.735733e+00
4472 -1.335319e+01
4473 -2.345230e+01
4474 -3.270523e+01
4475 -4.080147e+01
4476 -4.746440e+01
4477 -5.245956e+01
4478 -5.561148e+01
4479 -5.680357e+01
4480 -5.599781e+01
4481 -5.321676e+01
4482 -4.854802e+01
4483 -4.214918e+01
4484 -3.423420e+01
4485 -2.507645e+01
4486 -1.499202e+01
4487 -4.326154e+00
4488 6.553372e+00
4489 1.726112e+01
4490 2.741877e+01
4491 3.666873e+01
4492 4.467154e+01
4493 5.111688e+01
4494 5.572208e+01
4495 5.823561e+01
4496 5.848309e+01
4497 5.644431e+01
4498 5.226461e+01
4499 4.618805e+01
4500 3.849360e+01
4501 2.948558e+01
4502 1.949901e+01
4503 8.891665e+00
4504 -1.955718e+00
4505 -1.266295e+01
4506 -2.286005e+01
4507 -3.218884e+01
4508 -4.032928e+01
4509 -4.700159e+01
4510 -5.197533e+01
4511 -5.508312e+01
4512 -5.622475e+01
4513 -5.536592e+01
4514 -5.254060e+01
4515 -4.785625e+01
4516 -4.148046e+01
4517 -3.363751e+01
4518 -2.460747e+01
4519 -1.470412e+01
4520 -4.277665e+00
4521 6.302666e+00
4522 1.666489e+01
4523 2.643920e+01
4524 3.528101e+01
4525 4.286840e+01
4526 4.891400e+01
4527 5.317046e+01
4528 5.543774e+01
4529 5.562964e+01
4530 5.378025e+01
4531 4.999208e+01
4532 4.442404e+01
4533 3.728933e+01
4534 2.885494e+01
4535 1.942160e+01
4536 9.327666e+00
4537 -1.074627e+00
4538 -1.142443e+01
4539 -2.135690e+01
4540 -3.052775e+01
4541 -3.861282e+01
4542 -4.533349e+01
4543 -5.044964e+01
4544 -5.378257e+01
4545 -5.521433e+01
4546 -5.468877e+01
4547 -5.222406e+01
4548 -4.789794e+01
4549 -4.185555e+01
4550 -3.430545e+01
4551 -2.550397e+01
4552 -1.575635e+01
4553 -5.399600e+00
4554 5.200840e+00
4555 1.567361e+01
4556 2.565328e+01
4557 3.478073e+01
4558 4.271294e+01
4559 4.913697e+01
4560 5.375917e+01
4561 5.633219e+01
4562 5.671020e+01
4563 5.488195e+01
4564 5.097342e+01
4565 4.520871e+01
4566 3.785743e+01
4567 2.921582e+01
4568 1.960329e+01
4569 9.369483e+00
4570 -1.109722e+00
4571 -1.145624e+01
4572 -2.129723e+01
4573 -3.031907e+01
4574 -3.823149e+01
4575 -4.477046e+01
4576 -4.971333e+01
4577 -5.289380e+01
4578 -5.420270e+01
4579 -5.359994e+01
4580 -5.110839e+01
4581 -4.681806e+01
4582 -4.088207e+01
4583 -3.350330e+01
4584 -2.494039e+01
4585 -1.549270e+01
4586 -5.487304e+00
4587 4.724033e+00
4588 1.478329e+01
4589 2.433810e+01
4590 3.305091e+01
4591 4.060339e+01
4592 4.670546e+01
4593 5.109823e+01
4594 5.358936e+01
4595 5.409932e+01
4596 5.263942e+01
4597 4.927943e+01
4598 4.415642e+01
4599 3.747677e+01
4600 2.949979e+01
4601 2.052042e+01
4602 1.086072e+01
4603 8.616300e-01
4604 -9.127172e+00
4605 -1.876110e+01
4606 -2.770621e+01
4607 -3.566112e+01
4608 -4.234579e+01
4609 -4.753065e+01
4610 -5.103519e+01
4611 -5.274370e+01
4612 -5.259507e+01
4613 -5.059678e+01
4614 -4.681441e+01
4615 -4.138524e+01
4616 -3.448898e+01
4617 -2.636873e+01
4618 -1.730329e+01
4619 -7.607646e+00
4620 2.379474e+00
4621 1.231321e+01
4622 2.184698e+01
4623 3.064703e+01
4624 3.839418e+01
4625 4.479900e+01
4626 4.961973e+01
4627 5.266837e+01
4628 5.381581e+01
4629 5.299569e+01
4630 5.022595e+01
4631 4.560944e+01
4632 3.933663e+01
4633 3.165423e+01
4634 2.284930e+01
4635 1.323786e+01
4636 3.163135e+00
4637 -7.024695e+00
4638 -1.696899e+01
4639 -2.632306e+01
4640 -3.476292e+01
4641 -4.199112e+01
4642 -4.775047e+01
4643 -5.183396e+01
4644 -5.409207e+01
4645 -5.444151e+01
4646 -5.286133e+01
4647 -4.939917e+01
4648 -4.416623e+01
4649 -3.733690e+01
4650 -2.914180e+01
4651 -1.985844e+01
4652 -9.805819e+00
4653 6.714026e-01
4654 1.120685e+01
4655 2.142365e+01
4656 3.096430e+01
4657 3.948164e+01
4658 4.665844e+01
4659 5.219952e+01
4660 5.583126e+01
4661 5.732967e+01
4662 5.657844e+01
4663 5.362253e+01
4664 4.864715e+01
4665 4.189939e+01
4666 3.366584e+01
4667 2.426871e+01
4668 1.405146e+01
4669 3.386132e+00
4670 -7.337789e+00
4671 -1.773260e+01
4672 -2.743760e+01
4673 -3.614749e+01
4674 -4.357823e+01
4675 -4.946879e+01
4676 -5.361843e+01
4677 -5.587300e+01
4678 -5.615919e+01
4679 -5.446460e+01
4680 -5.084290e+01
4681 -4.541343e+01
4682 -3.835495e+01
4683 -2.991590e+01
4684 -2.038236e+01
4685 -1.008166e+01
4686 6.259032e-01
4687 1.136786e+01
4688 2.176571e+01
4689 3.144576e+01
4690 4.006055e+01
4691 4.728933e+01
4692 5.282888e+01
4693 5.642357e+01
4694 5.786330e+01
4695 5.704808e+01
4696 5.404293e+01
4697 4.903561e+01
4698 4.227643e+01
4699 3.404859e+01
4700 2.466059e+01
4701 1.445621e+01
4702 3.800718e+00
4703 -6.932980e+00
4704 -1.736880e+01
4705 -2.713483e+01
4706 -3.589136e+01
4707 -4.333725e+01
4708 -4.921349e+01
4709 -5.332011e+01
4710 -5.551541e+01
4711 -5.572749e+01
4712 -5.395082e+01
4713 -5.024756e+01
4714 -4.474933e+01
4715 -3.764865e+01
4716 -2.919631e+01
4717 -1.969221e+01
4718 -9.472923e+00
4719 1.092302e+00
4720 1.163415e+01
4721 2.177793e+01
4722 3.116319e+01
4723 3.944762e+01
4724 4.632865e+01
4725 5.153533e+01
4726 5.480804e+01
4727 5.593570e+01
4728 5.492164e+01
4729 5.190563e+01
4730 4.705418e+01
4731 4.055900e+01
4732 3.266264e+01
4733 2.365158e+01
4734 1.384954e+01
4735 3.601203e+00
4736 -6.732448e+00
4737 -1.678846e+01
4738 -2.622355e+01
4739 -3.470704e+01
4740 -4.194756e+01
4741 -4.769919e+01
4742 -5.176533e+01
4743 -5.400353e+01
4744 -5.433631e+01
4745 -5.274833e+01
4746 -4.929336e+01
4747 -4.409555e+01
4748 -3.732460e+01
4749 -2.921604e+01
4750 -2.005407e+01
4751 -1.015631e+01
4752 1.302347e-01
4753 1.044688e+01
4754 2.043435e+01
4755 2.974518e+01
4756 3.803137e+01
4757 4.498171e+01
4758 5.029554e+01
4759 5.375024e+01
4760 5.519255e+01
4761 5.455771e+01
4762 5.188541e+01
4763 4.729075e+01
4764 4.097978e+01
4765 3.321439e+01
4766 2.430096e+01
4767 1.456425e+01
4768 4.371271e+00
4769 -5.891953e+00
4770 -1.584192e+01
4771 -2.515504e+01
4772 -3.355663e+01
4773 -4.078421e+01
4774 -4.659024e+01
4775 -5.077140e+01
4776 -5.318070e+01
4777 -5.373873e+01
4778 -5.240813e+01
4779 -4.923519e+01
4780 -4.432311e+01
4781 -3.784379e+01
4782 -3.000903e+01
4783 -2.107840e+01
4784 -1.136863e+01
4785 -1.202487e+00
4786 9.060648e+00
4787 1.907419e+01
4788 2.848533e+01
4789 3.694916e+01
4790 4.415531e+01
4791 4.978922e+01
4792 5.360140e+01
4793 5.544285e+01
4794 5.524713e+01
4795 5.302044e+01
4796 4.884340e+01
4797 4.291249e+01
4798 3.547035e+01
4799 2.681087e+01
4800 1.725354e+01
4801 7.142780e+00
4802 -3.185601e+00
4803 -1.336263e+01
4804 -2.304860e+01
4805 -3.190426e+01
4806 -3.963204e+01
4807 -4.596586e+01
4808 -5.068373e+01
4809 -5.363096e+01
4810 -5.470761e+01
4811 -5.386892e+01
4812 -5.114224e+01
4813 -4.663361e+01
4814 -4.048935e+01
4815 -3.291317e+01
4816 -2.416960e+01
4817 -1.455606e+01
4818 -4.414015e+00
4819 5.920760e+00
4820 1.607749e+01
4821 2.570447e+01
4822 3.446586e+01
4823 4.205198e+01
4824 4.817272e+01
4825 5.260287e+01
4826 5.515779e+01
4827 5.572029e+01
4828 5.423966e+01
4829 5.076941e+01
4830 4.544180e+01
4831 3.846751e+01
4832 3.010521e+01
4833 2.066512e+01
4834 1.047687e+01
4835 -1.066927e-01
4836 -1.070776e+01
4837 -2.096716e+01
4838 -3.050913e+01
4839 -3.900640e+01
4840 -4.615235e+01
4841 -5.168755e+01
4842 -5.541008e+01
4843 -5.717659e+01
4844 -5.690884e+01
4845 -5.461013e+01
4846 -5.033979e+01
4847 -4.423150e+01
4848 -3.647869e+01
4849 -2.735267e+01
4850 -1.715956e+01
4851 -6.250633e+00
4852 4.994705e+00
4853 1.618437e+01
4854 2.692211e+01
4855 3.680951e+01
4856 4.546659e+01
4857 5.255378e+01
4858 5.773541e+01
4859 6.067124e+01
4860 6.114971e+01
4861 5.913702e+01
4862 5.482156e+01
4863 4.846391e+01
4864 4.036319e+01
4865 3.085159e+01
4866 2.028679e+01
4867 9.052592e+00
4868 -2.451941e+00
4869 -1.379480e+01
4870 -2.456614e+01
4871 -3.437629e+01
4872 -4.290425e+01
4873 -4.985819e+01
4874 -5.501022e+01
4875 -5.818885e+01
4876 -5.927634e+01
4877 -5.822360e+01
4878 -5.507568e+01
4879 -4.993809e+01
4880 -4.299073e+01
4881 -3.447244e+01
4882 -2.468221e+01
4883 -1.396432e+01
4884 -2.693261e+00
4885 8.724401e+00
4886 1.988069e+01
4887 3.036042e+01
4888 3.977751e+01
4889 4.777781e+01
4890 5.402958e+01
4891 5.819301e+01
4892 5.988982e+01
4893 5.905877e+01
4894 5.596327e+01
4895 5.090256e+01
4896 4.411355e+01
4897 3.587184e+01
4898 2.649226e+01
4899 1.631233e+01
4900 5.713810e+00
4901 -4.919814e+00
4902 -1.520830e+01
4903 -2.476609e+01
4904 -3.329018e+01
4905 -4.049657e+01
4906 -4.621983e+01
4907 -5.028251e+01
4908 -5.257423e+01
4909 -5.302437e+01
4910 -5.165742e+01
4911 -4.851389e+01
4912 -4.374096e+01
4913 -3.749150e+01
4914 -3.000941e+01
4915 -2.156666e+01
4916 -1.246422e+01
4917 -3.017683e+00
4918 6.422557e+00
4919 1.555618e+01
4920 2.405322e+01
4921 3.160554e+01
4922 3.794843e+01
4923 4.286768e+01
4924 4.619355e+01
4925 4.780521e+01
4926 4.769971e+01
4927 4.592959e+01
4928 4.257095e+01
4929 3.779174e+01
4930 3.176531e+01
4931 2.471606e+01
4932 1.689874e+01
4933 8.617540e+00
4934 1.703621e-01
4935 -8.130888e+00
4936 -1.598533e+01
4937 -2.310969e+01
4938 -2.930307e+01
4939 -3.435367e+01
4940 -3.814459e+01
4941 -4.057307e+01
4942 -4.153809e+01
4943 -4.105479e+01
4944 -3.914743e+01
4945 -3.589703e+01
4946 -3.142393e+01
4947 -2.592125e+01
4948 -1.956490e+01
4949 -1.263198e+01
4950 -5.370710e+00
4951 1.976129e+00
4952 9.140675e+00
4953 1.585039e+01
4954 2.186122e+01
4955 2.698743e+01
4956 3.104661e+01
4957 3.386452e+01
4958 3.538862e+01
4959 3.559009e+01
4960 3.444519e+01
4961 3.200685e+01
4962 2.839172e+01
4963 2.377997e+01
4964 1.831010e+01
4965 1.224971e+01
4966 5.856418e+00
4967 -4.944697e-01
4968 -6.423109e+00
4969 -1.163972e+01
4970 -1.615961e+01
4971 -2.009827e+01
4972 -2.332795e+01
4973 -2.583205e+01
4974 -2.747792e+01
4975 -2.820853e+01
4976 -2.799662e+01
4977 -2.682831e+01
4978 -2.480634e+01
4979 -2.189112e+01
4980 -1.817577e+01
4981 -1.380404e+01
4982 -8.829511e+00
4983 -3.499735e+00
4984 2.061637e+00
4985 7.739333e+00
4986 1.334463e+01
4987 1.877741e+01
4988 2.375684e+01
4989 2.827997e+01
4990 3.210822e+01
4991 3.536532e+01
4992 3.776108e+01
4993 3.909350e+01
4994 3.973458e+01
4995 3.948256e+01
4996 3.822537e+01
4997 3.623363e+01
4998 3.338150e+01
4999 2.967420e+01
