# average=1.463300e-01
# standard deviation=7.994755e+00
0 1.000000e+00
1 9.793290e-01
2 9.193089e-01
3 8.246236e-01
4 7.007516e-01
5 5.532659e-01
6 3.879377e-01
7 2.108424e-01
8 2.832173e-02
9 -1.531879e-01
10 -3.273682e-01
11 -4.882266e-01
12 -6.302849e-01
13 -7.487616e-01
14 -8.397267e-01
15 -9.002571e-01
16 -9.284974e-01
17 -9.237175e-01
18 -8.863185e-01
19 -8.178334e-01
20 -7.208814e-01
21 -5.990426e-01
22 -4.567304e-01
23 -2.990442e-01
24 -1.315879e-01
25 3.970684e-02
26 2.088016e-01
27 3.697590e-01
28 5.169180e-01
29 6.450538e-01
30 7.495277e-01
31 8.264515e-01
32 8.729085e-01
33 8.872058e-01
34 8.690601e-01
35 8.195393e-01
36 7.408181e-01
37 6.360214e-01
38 5.091068e-01
39 3.647074e-01
40 2.080065e-01
41 4.456584e-02
42 -1.198414e-01
43 -2.794300e-01
44 -4.286040e-01
45 -5.621425e-01
46 -6.753938e-01
47 -7.644159e-01
48 -8.260943e-01
49 -8.582880e-01
50 -8.598855e-01
51 -8.308293e-01
52 -7.721393e-01
53 -6.858566e-01
54 -5.750027e-01
55 -4.434551e-01
56 -2.958097e-01
57 -1.372251e-01
58 2.673082e-02
59 1.902937e-01
60 3.476808e-01
61 4.932824e-01
62 6.218050e-01
63 7.283754e-01
64 8.086940e-01
65 8.592392e-01
66 8.777202e-01
67 8.634779e-01
68 8.174308e-01
69 7.417130e-01
70 6.394290e-01
71 5.144604e-01
72 3.713426e-01
73 2.151582e-01
74 5.140898e-02
75 -1.141692e-01
76 -2.757748e-01
77 -4.277501e-01
78 -5.647837e-01
79 -6.820522e-01
80 -7.754169e-01
81 -8.415481e-01
82 -8.780574e-01
83 -8.835957e-01
84 -8.578624e-01
85 -8.016423e-01
86 -7.167555e-01
87 -6.060343e-01
88 -4.732360e-01
89 -3.229014e-01
90 -1.601857e-01
91 9.279814e-03
92 1.796047e-01
93 3.448085e-01
94 4.990218e-01
95 6.366757e-01
96 7.525921e-01
97 8.420125e-01
98 9.007198e-01
99 9.253026e-01
100 9.139393e-01
101 8.671741e-01
102 7.877286e-01
103 6.796701e-01
104 5.477295e-01
105 3.970956e-01
106 2.333188e-01
107 6.226487e-02
108 -1.100069e-01
109 -2.774501e-01
110 -4.342602e-01
111 -5.750586e-01
112 -6.949814e-01
113 -7.899211e-01
114 -8.566362e-01
115 -8.928828e-01
116 -8.974709e-01
117 -8.702991e-01
118 -8.123523e-01
119 -7.256933e-01
120 -6.133811e-01
121 -4.793476e-01
122 -3.282899e-01
123 -1.654917e-01
124 3.354403e-03
125 1.723317e-01
126 3.355083e-01
127 4.871063e-01
128 6.216878e-01
129 7.342697e-01
130 8.204625e-01
131 8.766618e-01
132 9.003160e-01
133 8.902418e-01
134 8.469044e-01
135 7.724385e-01
136 6.702130e-01
137 5.444087e-01
138 3.997987e-01
139 2.416502e-01
140 7.558278e-02
141 -9.254433e-02
142 -2.568346e-01
143 -4.115416e-01
144 -5.512770e-01
145 -6.711844e-01
146 -7.670971e-01
147 -8.356741e-01
148 -8.745418e-01
149 -8.823567e-01
150 -8.588540e-01
151 -8.048582e-01
152 -7.222346e-01
153 -6.138484e-01
154 -4.834863e-01
155 -3.356822e-01
156 -1.755816e-01
157 -8.751439e-03
158 1.589506e-01
159 3.216184e-01
160 4.734879e-01
161 6.091079e-01
162 7.234480e-01
163 8.120113e-01
164 8.709619e-01
165 8.973890e-01
166 8.898354e-01
167 8.487542e-01
168 7.763487e-01
169 6.759806e-01
170 5.517493e-01
171 4.083269e-01
172 2.509056e-01
173 8.507790e-02
174 -8.331247e-02
175 -2.483578e-01
176 -4.042936e-01
177 -5.456813e-01
178 -6.675883e-01
179 -7.657487e-01
180 -8.367249e-01
181 -8.780405e-01
182 -8.882504e-01
183 -8.669818e-01
184 -8.149268e-01
185 -7.338439e-01
186 -6.265204e-01
187 -4.966626e-01
188 -3.487645e-01
189 -1.879417e-01
190 -1.980378e-02
191 1.497591e-01
192 3.147875e-01
193 4.694451e-01
194 6.081647e-01
195 7.258079e-01
196 8.177334e-01
197 8.799285e-01
198 9.092291e-01
199 9.038668e-01
200 8.640581e-01
201 7.919802e-01
202 6.911541e-01
203 5.658913e-01
204 4.210298e-01
205 2.618679e-01
206 9.409034e-02
207 -7.638114e-02
208 -2.435598e-01
209 -4.015909e-01
210 -5.449683e-01
211 -6.687164e-01
212 -7.685525e-01
213 -8.410219e-01
214 -8.836135e-01
215 -8.948538e-01
216 -8.743528e-01
217 -8.228309e-01
218 -7.420672e-01
219 -6.348624e-01
220 -5.049398e-01
221 -3.568186e-01
222 -1.956692e-01
223 -2.710105e-02
224 1.429951e-01
225 3.086401e-01
226 4.639587e-01
227 6.033889e-01
228 7.217907e-01
229 8.145414e-01
230 8.775881e-01
231 9.077444e-01
232 9.033130e-01
233 8.645731e-01
234 7.936767e-01
235 6.940849e-01
236 5.700279e-01
237 4.263023e-01
238 2.681704e-01
239 1.012851e-01
240 -6.846759e-02
241 -2.351115e-01
242 -3.928357e-01
243 -5.361407e-01
244 -6.600474e-01
245 -7.602595e-01
246 -8.333143e-01
247 -8.767165e-01
248 -8.889847e-01
249 -8.697009e-01
250 -8.195503e-01
251 -7.402840e-01
252 -6.346875e-01
253 -5.064519e-01
254 -3.600418e-01
255 -2.005626e-01
256 -3.359091e-02
257 1.350127e-01
258 2.993220e-01
259 4.535237e-01
260 5.921065e-01
261 7.099612e-01
262 8.024786e-01
263 8.657122e-01
264 8.966610e-01
265 8.937576e-01
266 8.572572e-01
267 7.890982e-01
268 6.924417e-01
269 5.712806e-01
270 4.302351e-01
271 2.744690e-01
272 1.095436e-01
273 -5.869045e-02
274 -2.243023e-01
275 -3.815104e-01
276 -5.248856e-01
277 -6.494548e-01
278 -7.508751e-01
279 -8.256112e-01
280 -8.710495e-01
281 -8.856132e-01
282 -8.687950e-01
283 -8.211542e-01
284 -7.443224e-01
285 -6.409406e-01
286 -5.145854e-01
287 -3.696336e-01
288 -2.111063e-01
289 -4.452701e-02
290 1.242786e-01
291 2.893759e-01
292 4.449362e-01
293 5.853838e-01
294 7.055338e-01
295 8.007135e-01
296 8.668979e-01
297 9.009343e-01
298 9.009633e-01
299 8.668733e-01
300 8.004257e-01
301 7.048308e-01
302 5.841837e-01
303 4.431762e-01
304 2.869714e-01
305 1.211667e-01
306 -4.839210e-02
307 -2.157624e-01
308 -3.750905e-01
309 -5.208026e-01
310 -6.478100e-01
311 -7.517129e-01
312 -8.289008e-01
313 -8.766782e-01
314 -8.933648e-01
315 -8.783754e-01
316 -8.322229e-01
317 -7.564911e-01
318 -6.537772e-01
319 -5.276380e-01
320 -3.824462e-01
321 -2.232484e-01
322 -5.559514e-02
323 1.146669e-01
324 2.815634e-01
325 4.391952e-01
326 5.819337e-01
327 7.045094e-01
328 8.021698e-01
329 8.707367e-01
330 9.068487e-01
331 9.084964e-01
332 8.755761e-01
333 8.099000e-01
334 7.147430e-01
335 5.942398e-01
336 4.531242e-01
337 2.966188e-01
338 1.303393e-01
339 -3.983226e-02
340 -2.079141e-01
341 -3.680362e-01
342 -5.146341e-01
343 -6.426263e-01
344 -7.475642e-01
345 -8.258001e-01
346 -8.746519e-01
347 -8.924666e-01
348 -8.786567e-01
349 -8.336967e-01
350 -7.591285e-01
351 -6.575571e-01
352 -5.325299e-01
353 -3.884068e-01
354 -2.302133e-01
355 -6.347744e-02
356 1.059574e-01
357 2.721506e-01
358 4.292275e-01
359 5.715613e-01
360 6.939053e-01
361 7.914836e-01
362 8.601239e-01
363 8.965835e-01
364 8.990125e-01
365 8.673786e-01
366 8.034488e-01
367 7.103921e-01
368 5.922538e-01
369 4.536778e-01
370 2.997953e-01
371 1.361360e-01
372 -3.150872e-02
373 -1.972440e-01
374 -3.552871e-01
375 -5.001393e-01
376 -6.267814e-01
377 -7.308343e-01
378 -8.087158e-01
379 -8.577552e-01
380 -8.762880e-01
381 -8.637182e-01
382 -8.205129e-01
383 -7.482091e-01
384 -6.493581e-01
385 -5.274338e-01
386 -3.867000e-01
387 -2.320671e-01
388 -6.893603e-02
389 9.697918e-02
390 2.598456e-01
391 4.139031e-01
392 5.536560e-01
393 6.740325e-01
394 7.705279e-01
395 8.393326e-01
396 8.774959e-01
397 8.832149e-01
398 8.561186e-01
399 7.973831e-01
400 7.095529e-01
401 5.961867e-01
402 4.616220e-01
403 3.107901e-01
404 1.491009e-01
405 -1.772829e-02
406 -1.838325e-01
407 -3.433743e-01
408 -4.907494e-01
409 -6.207859e-01
410 -7.289188e-01
411 -8.113258e-01
412 -8.650766e-01
413 -8.882230e-01
414 -8.798790e-01
415 -8.402450e-01
416 -7.706131e-01
417 -6.733074e-01
418 -5.516166e-01
419 -4.097006e-01
420 -2.524485e-01
421 -8.531005e-02
422 8.588716e-02
423 2.551333e-01
424 4.164452e-01
425 5.640491e-01
426 6.924740e-01
427 7.966841e-01
428 8.721471e-01
429 9.150321e-01
430 9.227990e-01
431 8.949622e-01
432 8.331791e-01
433 7.407642e-01
434 6.219776e-01
435 4.816347e-01
436 3.250055e-01
437 1.577456e-01
438 -1.421692e-02
439 -1.848613e-01
440 -3.482309e-01
441 -4.986621e-01
442 -6.309337e-01
443 -7.404851e-01
444 -8.235500e-01
445 -8.772960e-01
446 -8.999072e-01
447 -8.906592e-01
448 -8.499143e-01
449 -7.791033e-01
450 -6.807124e-01
451 -5.581910e-01
452 -4.158264e-01
453 -2.585898e-01
454 -9.196807e-02
455 7.821515e-02
456 2.459850e-01
457 4.054369e-01
458 5.509037e-01
459 6.770840e-01
460 7.791767e-01
461 8.529783e-01
462 8.951143e-01
463 9.034229e-01
464 8.774026e-01
465 8.184354e-01
466 7.295295e-01
467 6.147208e-01
468 4.786586e-01
469 3.264630e-01
470 1.636448e-01
471 -4.003231e-03
472 -1.705631e-01
473 -3.301717e-01
474 -4.772728e-01
475 -6.068105e-01
476 -7.143241e-01
477 -7.961308e-01
478 -8.494288e-01
479 -8.724263e-01
480 -8.643927e-01
481 -8.256604e-01
482 -7.576290e-01
483 -6.627142e-01
484 -5.442734e-01
485 -4.064798e-01
486 -2.541722e-01
487 -9.270488e-02
488 7.224331e-02
489 2.348696e-01
490 3.894363e-01
491 5.304491e-01
492 6.527973e-01
493 7.518979e-01
494 8.238705e-01
495 8.657327e-01
496 8.756911e-01
497 8.533170e-01
498 7.996263e-01
499 7.169133e-01
500 6.084798e-01
501 4.783966e-01
502 3.313855e-01
503 1.726921e-01
504 7.908628e-03
505 -1.571692e-01
506 -3.167518e-01
507 -4.652377e-01
508 -5.973961e-01
509 -7.085567e-01
510 -7.947674e-01
511 -8.529384e-01
512 -8.809640e-01
513 -8.777777e-01
514 -8.433806e-01
515 -7.788543e-01
516 -6.863274e-01
517 -5.689291e-01
518 -4.306565e-01
519 -2.762635e-01
520 -1.110797e-01
521 5.917031e-02
522 2.285262e-01
523 3.910043e-01
524 5.407760e-01
525 6.723071e-01
526 7.804460e-01
527 8.605170e-01
528 9.085360e-01
529 9.217132e-01
530 8.992459e-01
531 8.425246e-01
532 7.546485e-01
533 6.397659e-01
534 5.026227e-01
535 3.484350e-01
536 1.827891e-01
537 1.158768e-02
538 -1.591623e-01
539 -3.234884e-01
540 -4.756899e-01
541 -6.105052e-01
542 -7.233023e-01
543 -8.102066e-01
544 -8.682519e-01
545 -8.954758e-01
546 -8.910019e-01
547 -8.550412e-01
548 -7.888793e-01
549 -6.948301e-01
550 -5.761977e-01
551 -4.371312e-01
552 -2.824874e-01
553 -1.176557e-01
554 5.159022e-02
555 2.193198e-01
556 3.796379e-01
557 5.268690e-01
558 6.557014e-01
559 7.613397e-01
560 8.395866e-01
561 8.870039e-01
562 9.011977e-01
563 8.812887e-01
564 8.282550e-01
565 7.447424e-01
566 6.345255e-01
567 5.020882e-01
568 3.524751e-01
569 1.911606e-01
570 2.391781e-02
571 -1.433284e-01
572 -3.047098e-01
573 -4.545962e-01
574 -5.878162e-01
575 -6.997542e-01
576 -7.865463e-01
577 -8.451929e-01
578 -8.737037e-01
579 -8.711233e-01
580 -8.375842e-01
581 -7.742735e-01
582 -6.834066e-01
583 -5.681948e-01
584 -4.326826e-01
585 -2.816037e-01
586 -1.202532e-01
587 4.569740e-02
588 2.103966e-01
589 3.680304e-01
590 5.129719e-01
591 6.399027e-01
592 7.439459e-01
593 8.208633e-01
594 8.673250e-01
595 8.813869e-01
596 8.626654e-01
597 8.122577e-01
598 7.324628e-01
599 6.265822e-01
600 4.986880e-01
601 3.534807e-01
602 1.961739e-01
603 3.231898e-02
604 -1.323208e-01
605 -2.919896e-01
606 -4.411239e-01
607 -5.745138e-01
608 -6.874915e-01
609 -7.761067e-01
610 -8.372488e-01
611 -8.687802e-01
612 -8.695784e-01
613 -8.395870e-01
614 -7.797932e-01
615 -6.922135e-01
616 -5.798492e-01
617 -4.465750e-01
618 -2.969836e-01
619 -1.362671e-01
620 2.999073e-02
621 1.959927e-01
622 3.558975e-01
623 5.040211e-01
624 6.349898e-01
625 7.438989e-01
626 8.263834e-01
627 8.787488e-01
628 8.983315e-01
629 8.838880e-01
630 8.359958e-01
631 7.569808e-01
632 6.504731e-01
633 5.209138e-01
634 3.732579e-01
635 2.128883e-01
636 4.551363e-02
637 -1.229531e-01
638 -2.866000e-01
639 -4.397011e-01
640 -5.769298e-01
641 -6.935017e-01
642 -7.853495e-01
643 -8.492924e-01
644 -8.830949e-01
645 -8.855759e-01
646 -8.566360e-01
647 -7.972576e-01
648 -7.094874e-01
649 -5.963604e-01
650 -4.617715e-01
651 -3.104026e-01
652 -1.475371e-01
653 2.114884e-02
654 1.897422e-01
655 3.522894e-01
656 5.030226e-01
657 6.364718e-01
658 7.476306e-01
659 8.320252e-01
660 8.859369e-01
661 9.066590e-01
662 8.928626e-01
663 8.451340e-01
664 7.659297e-01
665 6.589925e-01
666 5.288381e-01
667 3.804883e-01
668 2.193788e-01
669 5.127469e-02
670 -1.178546e-01
671 -2.820698e-01
672 -4.356676e-01
673 -5.733379e-01
674 -6.903016e-01
675 -7.825124e-01
676 -8.467860e-01
677 -8.809237e-01
678 -8.837582e-01
679 -8.552129e-01
680 -7.962993e-01
681 -7.090708e-01
682 -5.965759e-01
683 -4.627486e-01
684 -3.122661e-01
685 -1.503870e-01
686 1.722271e-02
687 1.846804e-01
688 3.460709e-01
689 4.956575e-01
690 6.280076e-01
691 7.381351e-01
692 8.216258e-01
693 8.748457e-01
694 8.953248e-01
695 8.821814e-01
696 8.362161e-01
697 7.596779e-01
698 6.559003e-01
699 5.290031e-01
700 3.837541e-01
701 2.254236e-01
702 5.964518e-02
703 -1.077422e-01
704 -2.708778e-01
705 -4.240616e-01
706 -5.619426e-01
707 -6.797236e-01
708 -7.732991e-01
709 -8.393970e-01
710 -8.757005e-01
711 -8.809648e-01
712 -8.550110e-01
713 -7.987110e-01
714 -7.139820e-01
715 -6.037302e-01
716 -4.717684e-01
717 -3.226931e-01
718 -1.616830e-01
719 5.650485e-03
720 1.734342e-01
721 3.357551e-01
722 4.868472e-01
723 6.212434e-01
724 7.339068e-01
725 8.203583e-01
726 8.768280e-01
727 9.005030e-01
728 8.900492e-01
729 8.460260e-01
730 7.707283e-01
731 6.676194e-01
732 5.409553e-01
733 3.955691e-01
734 2.367456e-01
735 7.015917e-02
736 -9.830885e-02
737 -2.627552e-01
738 -4.174443e-01
739 -5.570016e-01
740 -6.765741e-01
741 -7.720002e-01
742 -8.399686e-01
743 -8.781124e-01
744 -8.851100e-01
745 -8.607351e-01
746 -8.058191e-01
747 -7.222530e-01
748 -6.129518e-01
749 -4.817082e-01
750 -3.330745e-01
751 -1.722280e-01
752 -4.774171e-03
753 1.634186e-01
754 3.264450e-01
755 4.785367e-01
756 6.142114e-01
757 7.284186e-01
758 8.166628e-01
759 8.751859e-01
760 9.011527e-01
761 8.930361e-01
762 8.511012e-01
763 7.774666e-01
764 6.755920e-01
765 5.497653e-01
766 4.048618e-01
767 2.462052e-01
768 7.947242e-02
769 -8.944885e-02
770 -2.546063e-01
771 -4.101962e-01
772 -5.507986e-01
773 -6.715465e-01
774 -7.682399e-01
775 -8.375246e-01
776 -8.770062e-01
777 -8.853469e-01
778 -8.622707e-01
779 -8.085568e-01
780 -7.260522e-01
781 -6.176372e-01
782 -4.870949e-01
783 -3.389635e-01
784 -1.784146e-01
785 -1.106863e-02
786 1.572011e-01
787 3.204778e-01
788 4.729444e-01
789 6.090532e-01
790 7.236695e-01
791 8.121657e-01
792 8.706292e-01
793 8.962388e-01
794 8.878229e-01
795 8.460493e-01
796 7.731514e-01
797 6.724975e-01
798 5.482473e-01
799 4.051572e-01
800 2.484762e-01
801 8.383165e-02
802 -8.296497e-02
803 -2.460690e-01
804 -3.997866e-01
805 -5.387794e-01
806 -6.582330e-01
807 -7.540275e-01
808 -8.228638e-01
809 -8.623971e-01
810 -8.713030e-01
811 -8.493088e-01
812 -7.972235e-01
813 -7.168924e-01
814 -6.111340e-01
815 -4.836410e-01
816 -3.388772e-01
817 -1.819105e-01
818 -1.821286e-02
819 1.464707e-01
820 3.063455e-01
821 4.557464e-01
822 5.893043e-01
823 7.021073e-01
824 7.898250e-01
825 8.489015e-01
826 8.767832e-01
827 8.721601e-01
828 8.351670e-01
829 7.674145e-01
830 6.717834e-01
831 5.521280e-01
832 4.129974e-01
833 2.594757e-01
834 9.706048e-02
835 -6.849470e-02
836 -2.313401e-01
837 -3.857887e-01
838 -5.264915e-01
839 -6.485378e-01
840 -7.476350e-01
841 -8.202962e-01
842 -8.639266e-01
843 -8.769625e-01
844 -8.589022e-01
845 -8.103078e-01
846 -7.327890e-01
847 -6.289622e-01
848 -5.023783e-01
849 -3.573979e-01
850 -1.990572e-01
851 -3.283688e-02
852 1.354685e-01
853 2.999565e-01
854 4.547870e-01
855 5.943733e-01
856 7.135227e-01
857 8.075683e-01
858 8.724912e-01
859 9.051731e-01
860 9.037124e-01
861 8.678548e-01
862 7.992568e-01
863 7.011945e-01
864 5.779280e-01
865 4.343294e-01
866 2.757249e-01
867 1.078244e-01
868 -6.344826e-02
869 -2.320583e-01
870 -3.920995e-01
871 -5.379771e-01
872 -6.645777e-01
873 -7.674851e-01
874 -8.431028e-01
875 -8.887780e-01
876 -9.029048e-01
877 -8.849643e-01
878 -8.355576e-01
879 -7.563562e-01
880 -6.500853e-01
881 -5.204096e-01
882 -3.718225e-01
883 -2.094812e-01
884 -3.906456e-02
885 1.334687e-01
886 3.020369e-01
887 4.606604e-01
888 6.036127e-01
889 7.255455e-01
890 8.215743e-01
891 8.874554e-01
892 9.198837e-01
893 9.170057e-01
894 8.789407e-01
895 8.079396e-01
896 7.076632e-01
897 5.825212e-01
898 4.374372e-01
899 2.777695e-01
900 1.092533e-01
901 -6.214595e-02
902 -2.304020e-01
903 -3.896414e-01
904 -5.343337e-01
905 -6.594817e-01
906 -7.607693e-01
907 -8.347226e-01
908 -8.788363e-01
909 -8.916547e-01
910 -8.728119e-01
911 -8.230260e-01
912 -7.440837e-01
913 -6.387982e-01
914 -5.108774e-01
915 -3.648310e-01
916 -2.057721e-01
917 -3.928044e-02
918 1.287819e-01
919 2.924825e-01
920 4.460246e-01
921 5.839105e-01
922 7.010743e-01
923 7.930174e-01
924 8.560027e-01
925 8.873345e-01
926 8.856157e-01
927 8.510013e-01
928 7.851495e-01
929 6.909671e-01
930 5.722596e-01
931 4.335230e-01
932 2.798231e-01
933 1.166474e-01
934 -5.021850e-02
935 -2.148940e-01
936 -3.715915e-01
937 -5.148322e-01
938 -6.396442e-01
939 -7.416753e-01
940 -8.173646e-01
941 -8.640559e-01
942 -8.800954e-01
943 -8.648912e-01
944 -8.189490e-01
945 -7.438193e-01
946 -6.420675e-01
947 -5.171986e-01
948 -3.735436e-01
949 -2.160903e-01
950 -5.033072e-02
951 1.179591e-01
952 2.828556e-01
953 4.385139e-01
954 5.793231e-01
955 7.000479e-01
956 7.959269e-01
957 8.628116e-01
958 8.974671e-01
959 8.980762e-01
960 8.646565e-01
961 7.989605e-01
962 7.041151e-01
963 5.841947e-01
964 4.439334e-01
965 2.885467e-01
966 1.236292e-01
967 -4.498997e-02
968 -2.113859e-01
969 -3.697477e-01
970 -5.145532e-01
971 -6.407662e-01
972 -7.440170e-01
973 -8.207226e-01
974 -8.682316e-01
975 -8.849047e-01
976 -8.701889e-01
977 -8.246162e-01
978 -7.497839e-01
979 -6.482835e-01
980 -5.236397e-01
981 -3.801897e-01
982 -2.229214e-01
983 -5.735050e-02
984 1.107352e-01
985 2.754228e-01
986 4.308958e-01
987 5.715906e-01
988 6.923171e-01
989 7.883866e-01
990 8.558103e-01
991 8.915322e-01
992 8.937303e-01
993 8.622112e-01
994 7.984962e-01
995 7.055716e-01
996 5.874632e-01
997 4.488451e-01
998 2.948766e-01
999 1.311107e-01
1000 -3.662225e-02
1001 -2.023777e-01
1002 -3.603420e-01
1003 -5.050617e-01
1004 -6.315363e-01
1005 -7.353756e-01
1006 -8.129600e-01
1007 -8.616055e-01
1008 -8.796330e-01
1009 -8.664401e-01
1010 -8.224822e-01
1011 -7.492628e-01
1012 -6.493213e-01
1013 -5.261506e-01
1014 -3.840531e-01
1015 -2.279708e-01
1016 -6.335659e-02
1017 1.040347e-01
1018 2.683040e-01
1019 4.236218e-01
1020 5.643868e-01
1021 6.853803e-01
1022 7.818476e-01
1023 8.497387e-01
1024 8.860113e-01
1025 8.890230e-01
1026 8.587522e-01
1027 7.967473e-01
1028 7.058449e-01
1029 5.898585e-01
1030 4.532776e-01
1031 3.011579e-01
1032 1.389752e-01
1033 -2.752521e-02
1034 -1.925046e-01
1035 -3.501829e-01
1036 -4.950855e-01
1037 -6.221820e-01
1038 -7.270514e-01
1039 -8.060482e-01
1040 -8.564300e-01
1041 -8.764500e-01
1042 -8.654048e-01
1043 -8.237025e-01
1044 -7.527866e-01
1045 -6.551002e-01
1046 -5.340181e-01
1047 -3.937279e-01
1048 -2.391213e-01
1049 -7.558281e-02
1050 9.117755e-02
1051 2.553151e-01
1052 4.110199e-01
1053 5.527070e-01
1054 6.751757e-01
1055 7.737449e-01
1056 8.443815e-01
1057 8.839061e-01
1058 8.903469e-01
1059 8.633379e-01
1060 8.041786e-01
1061 7.156137e-01
1062 6.014370e-01
1063 4.661751e-01
1064 3.148459e-01
1065 1.529133e-01
1066 -1.387977e-02
1067 -1.796753e-01
1068 -3.386909e-01
1069 -4.853816e-01
1070 -6.146225e-01
1071 -7.219176e-01
1072 -8.035191e-01
1073 -8.565908e-01
1074 -8.792863e-01
1075 -8.708229e-01
1076 -8.314827e-01
1077 -7.626116e-01
1078 -6.665711e-01
1079 -5.466825e-01
1080 -4.070974e-01
1081 -2.526709e-01
1082 -8.876598e-02
1083 7.887609e-02
1084 2.443792e-01
1085 4.018922e-01
1086 5.458207e-01
1087 6.709402e-01
1088 7.725076e-01
1089 8.464023e-01
1090 8.892340e-01
1091 8.986412e-01
1092 8.738500e-01
1093 8.160060e-01
1094 7.279168e-01
1095 6.135384e-01
1096 4.775439e-01
1097 3.250863e-01
1098 1.616932e-01
1099 -6.800838e-03
1100 -1.744336e-01
1101 -3.353131e-01
1102 -4.838102e-01
1103 -6.147440e-01
1104 -7.235558e-01
1105 -8.064501e-01
1106 -8.605553e-01
1107 -8.839950e-01
1108 -8.759650e-01
1109 -8.367556e-01
1110 -7.677195e-01
1111 -6.712456e-01
1112 -5.507040e-01
1113 -4.103194e-01
1114 -2.549884e-01
1115 -9.013214e-02
1116 7.846481e-02
1117 2.448435e-01
1118 4.031070e-01
1119 5.475679e-01
1120 6.729038e-01
1121 7.742049e-01
1122 8.471028e-01
1123 8.881720e-01
1124 8.955214e-01
1125 8.691133e-01
1126 8.105760e-01
1127 7.227324e-01
1128 6.092607e-01
1129 4.745328e-01
1130 3.235254e-01
1131 1.616815e-01
1132 -5.249872e-03
1133 -1.713798e-01
1134 -3.308912e-01
1135 -4.782167e-01
1136 -6.082802e-01
1137 -7.165873e-01
1138 -7.994003e-01
1139 -8.538262e-01
1140 -8.779852e-01
1141 -8.710406e-01
1142 -8.332362e-01
1143 -7.658839e-01
1144 -6.713078e-01
1145 -5.527767e-01
1146 -4.143975e-01
1147 -2.609764e-01
1148 -9.785769e-02
1149 6.925899e-02
1150 2.345163e-01
1151 3.920932e-01
1152 5.363614e-01
1153 6.620261e-01
1154 7.642657e-01
1155 8.389001e-01
1156 8.826785e-01
1157 8.936297e-01
1158 8.712296e-01
1159 8.164348e-01
1160 7.316232e-01
1161 6.203863e-01
1162 4.871788e-01
1163 3.370498e-01
1164 1.754784e-01
1165 8.230268e-03
1166 -1.587851e-01
1167 -3.197218e-01
1168 -4.689492e-01
1169 -6.012818e-01
1170 -7.120989e-01
1171 -7.975510e-01
1172 -8.546511e-01
1173 -8.813915e-01
1174 -8.768409e-01
1175 -8.411671e-01
1176 -7.756040e-01
1177 -6.823993e-01
1178 -5.647633e-01
1179 -4.267868e-01
1180 -2.732617e-01
1181 -1.095323e-01
1182 5.866764e-02
1183 2.254351e-01
1184 3.848803e-01
1185 5.313124e-01
1186 6.593881e-01
1187 7.642422e-01
1188 8.416435e-01
1189 8.881498e-01
1190 9.013671e-01
1191 8.804209e-01
1192 8.263561e-01
1193 7.418553e-01
1194 6.306754e-01
1195 4.973198e-01
1196 3.468002e-01
1197 1.845626e-01
1198 1.636101e-02
1199 -1.518834e-01
1200 -3.142693e-01
1201 -4.651247e-01
1202 -5.991822e-01
1203 -7.117656e-01
1204 -7.989760e-01
1205 -8.577703e-01
1206 -8.861162e-01
1207 -8.830103e-01
1208 -8.485665e-01
1209 -7.839656e-01
1210 -6.914214e-01
1211 -5.741436e-01
1212 -4.362051e-01
1213 -2.824146e-01
1214 -1.181165e-01
1215 5.095405e-02
1216 2.188464e-01
1217 3.796396e-01
1218 5.275937e-01
1219 6.573204e-01
1220 7.638593e-01
1221 8.428161e-01
1222 8.905634e-01
1223 9.046727e-01
1224 8.843954e-01
1225 8.308060e-01
1226 7.465626e-01
1227 6.354312e-01
1228 5.019595e-01
1229 3.512423e-01
1230 1.888074e-01
1231 2.045912e-02
1232 -1.478478e-01
1233 -3.102073e-01
1234 -4.609281e-01
1235 -5.947604e-01
1236 -7.070622e-01
1237 -7.939623e-01
1238 -8.524704e-01
1239 -8.805807e-01
1240 -8.773637e-01
1241 -8.429615e-01
1242 -7.785952e-01
1243 -6.865054e-01
1244 -5.699172e-01
1245 -4.329192e-01
1246 -2.803209e-01
1247 -1.174646e-01
1248 4.993147e-02
1249 2.159741e-01
1250 3.747839e-01
1251 5.206815e-01
1252 6.483027e-01
1253 7.527513e-01
1254 8.297458e-01
1255 8.759096e-01
1256 8.892387e-01
1257 8.693658e-01
1258 8.174457e-01
1259 7.358490e-01
1260 6.279469e-01
1261 4.979646e-01
1262 3.507429e-01
1263 1.916054e-01
1264 2.620832e-02
1265 -1.396094e-01
1266 -3.000318e-01
1267 -4.494424e-01
1268 -5.826476e-01
1269 -6.950114e-01
1270 -7.826334e-01
1271 -8.424650e-01
1272 -8.724144e-01
1273 -8.714521e-01
1274 -8.395897e-01
1275 -7.779127e-01
1276 -6.885355e-01
1277 -5.745708e-01
1278 -4.399586e-01
1279 -2.893499e-01
1280 -1.279726e-01
1281 3.852595e-02
1282 2.043115e-01
1283 3.635377e-01
1284 5.105135e-01
1285 6.398407e-01
1286 7.466127e-01
1287 8.265390e-01
1288 8.761341e-01
1289 8.929714e-01
1290 8.760885e-01
1291 8.263067e-01
1292 7.461003e-01
1293 6.390726e-01
1294 5.095740e-01
1295 3.624840e-01
1296 2.031603e-01
1297 3.728994e-02
1298 -1.292533e-01
1299 -2.906601e-01
1300 -4.413008e-01
1301 -5.759400e-01
1302 -6.899101e-01
1303 -7.792886e-01
1304 -8.410047e-01
1305 -8.729200e-01
1306 -8.739201e-01
1307 -8.439620e-01
1308 -7.840962e-01
1309 -6.963936e-01
1310 -5.838910e-01
1311 -4.504876e-01
1312 -3.007988e-01
1313 -1.400415e-01
1314 2.615680e-02
1315 1.919706e-01
1316 3.515732e-01
1317 4.993103e-01
1318 6.298486e-01
1319 7.383524e-01
1320 8.205770e-01
1321 8.729969e-01
1322 8.930157e-01
1323 8.794182e-01
1324 8.326318e-01
1325 7.547495e-01
1326 6.492520e-01
1327 5.205959e-01
1328 3.737974e-01
1329 2.143108e-01
1330 4.785848e-02
1331 -1.196677e-01
1332 -2.823670e-01
1333 -4.345332e-01
1334 -5.708513e-01
1335 -6.865620e-01
1336 -7.776442e-01
1337 -8.409295e-01
1338 -8.742069e-01
1339 -8.763218e-01
1340 -8.472225e-01
1341 -7.879365e-01
1342 -7.005228e-01
1343 -5.880181e-01
1344 -4.543481e-01
1345 -3.041795e-01
1346 -1.427738e-01
1347 2.421924e-02
1348 1.909136e-01
1349 3.513883e-01
1350 4.999015e-01
1351 6.310703e-01
1352 7.398998e-01
1353 8.219185e-01
1354 8.733814e-01
1355 8.917819e-01
1356 8.763435e-01
1357 8.281518e-01
1358 7.497163e-01
1359 6.445171e-01
1360 5.167275e-01
1361 3.711007e-01
1362 2.128685e-01
1363 4.765277e-02
1364 -1.187006e-01
1365 -2.803250e-01
1366 -4.315837e-01
1367 -5.672417e-01
1368 -6.826123e-01
1369 -7.736877e-01
1370 -8.372980e-01
1371 -8.712197e-01
1372 -8.742575e-01
1373 -8.463019e-01
1374 -7.883150e-01
1375 -7.022833e-01
1376 -5.911758e-01
1377 -4.588271e-01
1378 -3.098218e-01
1379 -1.493480e-01
1380 1.699859e-02
1381 1.833754e-01
1382 3.439364e-01
1383 4.929828e-01
1384 6.251082e-01
1385 7.352986e-01
1386 8.190635e-01
1387 8.726642e-01
1388 8.935405e-01
1389 8.807060e-01
1390 8.348594e-01
1391 7.582210e-01
1392 6.542067e-01
1393 5.270883e-01
1394 3.817563e-01
1395 2.235435e-01
1396 5.810353e-02
1397 -1.087147e-01
1398 -2.710684e-01
1399 -4.233043e-01
1400 -5.601174e-01
1401 -6.767585e-01
1402 -7.691794e-01
1403 -8.341914e-01
1404 -8.695451e-01
1405 -8.740466e-01
1406 -8.475682e-01
1407 -7.910344e-01
1408 -7.064113e-01
1409 -5.966414e-01
1410 -4.655402e-01
1411 -3.176685e-01
1412 -1.581938e-01
1413 7.303134e-03
1414 1.730201e-01
1415 3.331123e-01
1416 4.818827e-01
1417 6.139474e-01
1418 7.243492e-01
1419 8.087080e-01
1420 8.634555e-01
1421 8.861868e-01
1422 8.759272e-01
1423 8.330714e-01
1424 7.594198e-01
1425 6.581198e-01
1426 5.333500e-01
1427 3.899444e-01
1428 2.331972e-01
1429 6.875013e-02
1430 -9.757649e-02
1431 -2.599512e-01
1432 -4.126859e-01
1433 -5.504274e-01
1434 -6.683687e-01
1435 -7.624141e-01
1436 -8.293052e-01
1437 -8.666990e-01
1438 -8.732869e-01
1439 -8.488443e-01
1440 -7.942185e-01
1441 -7.112949e-01
1442 -6.029265e-01
1443 -4.728780e-01
1444 -3.256950e-01
1445 -1.665024e-01
1446 -8.632895e-04
1447 1.654023e-01
1448 3.264220e-01
1449 4.764694e-01
1450 6.101090e-01
1451 7.223086e-01
1452 8.085513e-01
1453 8.650460e-01
1454 8.890771e-01
1455 8.794677e-01
1456 8.368254e-01
1457 7.633691e-01
1458 6.624448e-01
1459 5.381387e-01
1460 3.951525e-01
1461 2.386984e-01
1462 7.438531e-02
1463 -9.196332e-02
1464 -2.544905e-01
1465 -4.075060e-01
1466 -5.457165e-01
1467 -6.643473e-01
1468 -7.592877e-01
1469 -8.272377e-01
1470 -8.658638e-01
1471 -8.738248e-01
1472 -8.508393e-01
1473 -7.976778e-01
1474 -7.161772e-01
1475 -6.091534e-01
1476 -4.803133e-01
1477 -3.341248e-01
1478 -1.756575e-01
1479 -1.043965e-02
1480 1.557423e-01
1481 3.170359e-01
1482 4.677291e-01
1483 6.023535e-01
1484 7.158062e-01
1485 8.035567e-01
1486 8.618446e-01
1487 8.880127e-01
1488 8.807830e-01
1489 8.403778e-01
1490 7.686962e-01
1491 6.690366e-01
1492 5.456650e-01
1493 4.034475e-01
1494 2.476749e-01
1495 8.395894e-02
1496 -8.191086e-02
1497 -2.441149e-01
1498 -3.969860e-01
1499 -5.352103e-01
1500 -6.539872e-01
1501 -7.492190e-01
1502 -8.176409e-01
1503 -8.569158e-01
1504 -8.657202e-01
1505 -8.437913e-01
1506 -7.919395e-01
1507 -7.119998e-01
1508 -6.067779e-01
1509 -4.799570e-01
1510 -3.359622e-01
1511 -1.798511e-01
1512 -1.709240e-02
1513 1.465929e-01
1514 3.054119e-01
1515 4.537107e-01
1516 5.861240e-01
1517 6.977247e-01
1518 7.842060e-01
1519 8.420788e-01
1520 8.689190e-01
1521 8.636271e-01
1522 8.265159e-01
1523 7.591848e-01
1524 6.643899e-01
1525 5.458613e-01
1526 4.080822e-01
1527 2.561072e-01
1528 9.538663e-02
1529 -6.840796e-02
1530 -2.295353e-01
1531 -3.823448e-01
1532 -5.214763e-01
1533 -6.420670e-01
1534 -7.398866e-01
1535 -8.115037e-01
1536 -8.543924e-01
1537 -8.669975e-01
1538 -8.488381e-01
1539 -8.004668e-01
1540 -7.235325e-01
1541 -6.206525e-01
1542 -4.953561e-01
1543 -3.519669e-01
1544 -1.954580e-01
1545 -3.127621e-02
1546 1.348418e-01
1547 2.970505e-01
1548 4.495864e-01
1549 5.869248e-01
1550 7.039250e-01
1551 7.959574e-01
1552 8.589654e-01
1553 8.897750e-01
1554 8.866434e-01
1555 8.497087e-01
1556 7.809466e-01
1557 6.837019e-01
1558 5.621986e-01
1559 4.212251e-01
1560 2.660385e-01
1561 1.022236e-01
1562 -6.440165e-02
1563 -2.279650e-01
1564 -3.827190e-01
1565 -5.233030e-01
1566 -6.448852e-01
1567 -7.433014e-01
1568 -8.151751e-01
1569 -8.580610e-01
1570 -8.705014e-01
1571 -8.521080e-01
1572 -8.035526e-01
1573 -7.265445e-01
1574 -6.237773e-01
1575 -4.988408e-01
1576 -3.560774e-01
1577 -2.004679e-01
1578 -3.746911e-02
1579 1.272145e-01
1580 2.877756e-01
1581 4.385065e-01
1582 5.739513e-01
1583 6.890351e-01
1584 7.792783e-01
1585 8.409763e-01
1586 8.715415e-01
1587 8.697215e-01
1588 8.356364e-01
1589 7.708019e-01
1590 6.780443e-01
1591 5.612027e-01
1592 4.248193e-01
1593 2.739597e-01
1594 1.140550e-01
1595 -4.920728e-02
1596 -2.101010e-01
1597 -3.630121e-01
1598 -5.026032e-01
1599 -6.240366e-01
1600 -7.230850e-01
1601 -7.963392e-01
1602 -8.412785e-01
1603 -8.563481e-01
1604 -8.410447e-01
1605 -7.959171e-01
1606 -7.225646e-01
1607 -6.235394e-01
1608 -5.022623e-01
1609 -3.629636e-01
1610 -2.105045e-01
1611 -5.021757e-02
1612 1.122915e-01
1613 2.712946e-01
1614 4.211789e-01
1615 5.565839e-01
1616 6.725470e-01
1617 7.646151e-01
1618 8.290154e-01
1619 8.629839e-01
1620 8.649807e-01
1621 8.348702e-01
1622 7.738984e-01
1623 6.846152e-01
1624 5.706619e-01
1625 4.364613e-01
1626 2.869958e-01
1627 1.276578e-01
1628 -3.589006e-02
1629 -1.979024e-01
1630 -3.526968e-01
1631 -4.948460e-01
1632 -6.193729e-01
1633 -7.219011e-01
1634 -7.988406e-01
1635 -8.474745e-01
1636 -8.660576e-01
1637 -8.539052e-01
1638 -8.113796e-01
1639 -7.398889e-01
1640 -6.418628e-01
1641 -5.206745e-01
1642 -3.805170e-01
1643 -2.262330e-01
1644 -6.317519e-02
1645 1.029459e-01
1646 2.662829e-01
1647 4.210323e-01
1648 5.616138e-01
1649 6.827917e-01
1650 7.797916e-01
1651 8.484689e-01
1652 8.855767e-01
1653 8.891626e-01
1654 8.589025e-01
1655 7.962700e-01
1656 7.043102e-01
1657 5.871132e-01
1658 4.494048e-01
1659 2.963579e-01
1660 1.335189e-01
1661 -3.331893e-02
1662 -1.982785e-01
1663 -3.555539e-01
1664 -4.996371e-01
1665 -6.255620e-01
1666 -7.289963e-01
1667 -8.063906e-01
1668 -8.550765e-01
1669 -8.733778e-01
1670 -8.606981e-01
1671 -8.175067e-01
1672 -7.453092e-01
1673 -6.466105e-01
1674 -5.248570e-01
1675 -3.842824e-01
1676 -2.297852e-01
1677 -6.677660e-02
1678 9.903557e-02
1679 2.618019e-01
1680 4.157611e-01
1681 5.553625e-01
1682 6.754027e-01
1683 7.711380e-01
1684 8.385354e-01
1685 8.747203e-01
1686 8.782050e-01
1687 8.489180e-01
1688 7.882607e-01
1689 6.989797e-01
1690 5.848323e-01
1691 4.503060e-01
1692 3.004545e-01
1693 1.407120e-01
1694 -2.324810e-02
1695 -1.856705e-01
1696 -3.408674e-01
1697 -4.834300e-01
1698 -6.084135e-01
1699 -7.114859e-01
1700 -7.891068e-01
1701 -8.386156e-01
1702 -8.583598e-01
1703 -8.476654e-01
1704 -8.069165e-01
1705 -7.375533e-01
1706 -6.420128e-01
1707 -5.236461e-01
1708 -3.865878e-01
1709 -2.356270e-01
1710 -7.603722e-02
1711 8.657654e-02
1712 2.465070e-01
1713 3.980961e-01
1714 5.358748e-01
1715 6.547276e-01
1716 7.500762e-01
1717 8.181312e-01
1718 8.560982e-01
1719 8.623995e-01
1720 8.368196e-01
1721 7.805370e-01
1722 6.959499e-01
1723 5.864798e-01
1724 4.563656e-01
1725 3.104463e-01
1726 1.539639e-01
1727 -7.540015e-03
1728 -1.683788e-01
1729 -3.229509e-01
1730 -4.658508e-01
1731 -5.920922e-01
1732 -6.972742e-01
1733 -7.777337e-01
1734 -8.306756e-01
1735 -8.542380e-01
1736 -8.475713e-01
1737 -8.108590e-01
1738 -7.453417e-01
1739 -6.532631e-01
1740 -5.377953e-01
1741 -4.029173e-01
1742 -2.532951e-01
1743 -9.413253e-02
1744 6.903322e-02
1745 2.304970e-01
1746 3.845568e-01
1747 5.256920e-01
1748 6.487592e-01
1749 7.490972e-01
1750 8.226544e-01
1751 8.661524e-01
1752 8.773653e-01
1753 8.553543e-01
1754 8.008732e-01
1755 7.164432e-01
1756 6.059088e-01
1757 4.738689e-01
1758 3.253998e-01
1759 1.659661e-01
1760 1.293236e-03
1761 -1.627757e-01
1762 -3.204389e-01
1763 -4.661651e-01
1764 -5.949269e-01
1765 -7.022799e-01
1766 -7.845142e-01
1767 -8.387666e-01
1768 -8.631301e-01
1769 -8.567681e-01
1770 -8.199159e-01
1771 -7.538820e-01
1772 -6.609472e-01
1773 -5.443401e-01
1774 -4.081171e-01
1775 -2.570384e-01
1776 -9.638415e-02
1777 6.819988e-02
1778 2.309106e-01
1779 3.859828e-01
1780 5.278371e-01
1781 6.512400e-01
1782 7.514281e-01
1783 8.243241e-01
1784 8.667773e-01
1785 8.769570e-01
1786 8.544605e-01
1787 8.002757e-01
1788 7.167675e-01
1789 6.074496e-01
1790 4.766571e-01
1791 3.292803e-01
1792 1.706515e-01
1793 6.396349e-03
1794 -1.577041e-01
1795 -3.158715e-01
1796 -4.625834e-01
1797 -5.926968e-01
1798 -7.016679e-01
1799 -7.856918e-01
1800 -8.418225e-01
1801 -8.681146e-01
1802 -8.636225e-01
1803 -8.284628e-01
1804 -7.638163e-01
1805 -6.718981e-01
1806 -5.558776e-01
1807 -4.197495e-01
1808 -2.682271e-01
1809 -1.065887e-01
1810 5.951310e-02
1811 2.242410e-01
1812 3.817437e-01
1813 5.263528e-01
1814 6.526953e-01
1815 7.558515e-01
1816 8.315274e-01
1817 8.763354e-01
1818 8.881988e-01
1819 8.666912e-01
1820 8.130169e-01
1821 7.297061e-01
1822 6.202995e-01
1823 4.891465e-01
1824 3.411836e-01
1825 1.817909e-01
1826 1.664043e-02
1827 -1.484611e-01
1828 -3.077594e-01
1829 -4.557061e-01
1830 -5.871681e-01
1831 -6.976009e-01
1832 -7.831856e-01
1833 -8.409764e-01
1834 -8.689914e-01
1835 -8.662678e-01
1836 -8.329280e-01
1837 -7.701202e-01
1838 -6.800152e-01
1839 -5.657462e-01
1840 -4.312737e-01
1841 -2.812588e-01
1842 -1.209395e-01
1843 4.408770e-02
1844 2.080507e-01
1845 3.651832e-01
1846 5.099190e-01
1847 6.370336e-01
1848 7.417893e-01
1849 8.200679e-01
1850 8.684653e-01
1851 8.845851e-01
1852 8.672984e-01
1853 8.171553e-01
1854 7.365367e-01
1855 6.291768e-01
1856 4.995649e-01
1857 3.526820e-01
1858 1.939110e-01
1859 2.895878e-02
1860 -1.363089e-01
1861 -2.961010e-01
1862 -4.448139e-01
1863 -5.772429e-01
1864 -6.887897e-01
1865 -7.755600e-01
1866 -8.345686e-01
1867 -8.637863e-01
1868 -8.622166e-01
1869 -8.299196e-01
1870 -7.680427e-01
1871 -6.787575e-01
1872 -5.651858e-01
1873 -4.313078e-01
1874 -2.818134e-01
1875 -1.219424e-01
1876 4.267955e-02
1877 2.062391e-01
1878 3.629533e-01
1879 5.071784e-01
1880 6.336077e-01
1881 7.374051e-01
1882 8.143961e-01
1883 8.613353e-01
1884 8.762555e-01
1885 8.585843e-01
1886 8.090941e-01
1887 7.298635e-01
1888 6.241658e-01
1889 4.962212e-01
1890 3.508911e-01
1891 1.934746e-01
1892 2.962173e-02
1893 -1.348541e-01
1894 -2.941511e-01
1895 -4.426600e-01
1896 -5.751726e-01
1897 -6.870895e-01
1898 -7.745215e-01
1899 -8.344413e-01
1900 -8.647345e-01
1901 -8.643340e-01
1902 -8.332066e-01
1903 -7.723915e-01
1904 -6.839704e-01
1905 -5.709780e-01
1906 -4.373096e-01
1907 -2.876242e-01
1908 -1.271281e-01
1909 3.855736e-02
1910 2.036303e-01
1911 3.622563e-01
1912 5.087438e-01
1913 6.376750e-01
1914 7.440031e-01
1915 8.231553e-01
1916 8.714730e-01
1917 8.867614e-01
1918 8.686093e-01
1919 8.182452e-01
1920 7.381672e-01
1921 6.318159e-01
1922 5.033950e-01
1923 3.577324e-01
1924 2.001219e-01
1925 3.615364e-02
1926 -1.283985e-01
1927 -2.877975e-01
1928 -4.365175e-01
1929 -5.693960e-01
1930 -6.818533e-01
1931 -7.700030e-01
1932 -8.308113e-01
1933 -8.622146e-01
1934 -8.631421e-01
1935 -8.335871e-01
1936 -7.745990e-01
1937 -6.882179e-01
1938 -5.774599e-01
1939 -4.461794e-01
1940 -2.989203e-01
1941 -1.408055e-01
1942 2.267774e-02
1943 1.857853e-01
1944 3.427652e-01
1945 4.879968e-01
1946 6.161426e-01
1947 7.223825e-01
1948 8.026422e-01
1949 8.538131e-01
1950 8.738056e-01
1951 8.615175e-01
1952 8.170858e-01
1953 7.422723e-01
1954 6.403523e-01
1955 5.156425e-01
1956 3.730577e-01
1957 2.179063e-01
1958 5.575960e-02
1959 -1.076357e-01
1960 -2.665389e-01
1961 -4.154068e-01
1962 -5.490601e-01
1963 -6.628482e-01
1964 -7.528424e-01
1965 -8.159464e-01
1966 -8.500015e-01
1967 -8.538758e-01
1968 -8.274439e-01
1969 -7.716381e-01
1970 -6.884146e-01
1971 -5.806960e-01
1972 -4.522575e-01
1973 -3.075821e-01
1974 -1.517272e-01
1975 9.845291e-03
1976 1.714689e-01
1977 3.274449e-01
1978 4.722329e-01
1979 6.006521e-01
1980 7.079675e-01
1981 7.900355e-01
1982 8.434457e-01
1983 8.657350e-01
1984 8.557294e-01
1985 8.138058e-01
1986 7.418019e-01
1987 6.427345e-01
1988 5.205704e-01
1989 3.799571e-01
1990 2.260470e-01
1991 6.436085e-02
1992 -9.937235e-02
1993 -2.593683e-01
1994 -4.099613e-01
1995 -5.458370e-01
1996 -6.622370e-01
1997 -7.551309e-01
1998 -8.212633e-01
1999 -8.582794e-01
2000 -8.648305e-01
2001 -8.406080e-01
2002 -7.863892e-01
2003 -7.039849e-01
2004 -5.961894e-01
2005 -4.667095e-01
2006 -3.200023e-01
2007 -1.611776e-01
2008 4.236819e-03
2009 1.704476e-01
2010 3.315613e-01
2011 4.817742e-01
2012 6.155246e-01
2013 7.276365e-01
2014 8.134924e-01
2015 8.693172e-01
2016 8.924883e-01
2017 8.818197e-01
2018 8.378312e-01
2019 7.627593e-01
2020 6.600862e-01
2021 5.341099e-01
2022 3.896955e-01
2023 2.321500e-01
2024 6.710399e-02
2025 -9.961087e-02
2026 -2.621445e-01
2027 -4.148322e-01
2028 -5.523573e-01
2029 -6.699787e-01
2030 -7.636414e-01
2031 -8.300930e-01
2032 -8.670576e-01
2033 -8.732658e-01
2034 -8.485437e-01
2035 -7.937703e-01
2036 -7.108646e-01
2037 -6.027131e-01
2038 -4.730792e-01
2039 -3.264845e-01
2040 -1.680311e-01
2041 -3.261698e-03
2042 1.620547e-01
2043 3.220796e-01
2044 4.711378e-01
2045 6.038597e-01
2046 7.152899e-01
2047 8.010193e-01
2048 8.573804e-01
2049 8.818390e-01
2050 8.734436e-01
2051 8.326668e-01
2052 7.612144e-01
2053 6.620687e-01
2054 5.392810e-01
2055 3.976609e-01
2056 2.425007e-01
2057 7.940583e-02
2058 -8.582746e-02
2059 -2.473841e-01
2060 -3.996259e-01
2061 -5.372622e-01
2062 -6.554947e-01
2063 -7.502130e-01
2064 -8.181529e-01
2065 -8.569562e-01
2066 -8.652967e-01
2067 -8.429005e-01
2068 -7.905480e-01
2069 -7.100715e-01
2070 -6.042746e-01
2071 -4.768614e-01
2072 -3.322757e-01
2073 -1.755602e-01
2074 -1.219536e-02
2075 1.520758e-01
2076 3.114697e-01
2077 4.603100e-01
2078 5.932346e-01
2079 7.053132e-01
2080 7.921998e-01
2081 8.503036e-01
2082 8.769864e-01
2083 8.708754e-01
2084 8.321803e-01
2085 7.626893e-01
2086 6.654488e-01
2087 5.444136e-01
2088 4.042054e-01
2089 2.499316e-01
2090 8.710381e-02
2091 -7.850381e-02
2092 -2.410641e-01
2093 -3.948629e-01
2094 -5.344898e-01
2095 -6.550111e-01
2096 -7.522322e-01
2097 -8.227737e-01
2098 -8.641508e-01
2099 -8.748846e-01
2100 -8.545661e-01
2101 -8.038388e-01
2102 -7.244189e-01
2103 -6.190004e-01
2104 -4.911784e-01
2105 -3.453583e-01
2106 -1.866022e-01
2107 -2.045306e-02
2108 1.472832e-01
2109 3.106965e-01
2110 4.639518e-01
2111 6.014519e-01
2112 7.179831e-01
2113 8.088782e-01
2114 8.702760e-01
2115 8.994016e-01
2116 8.946996e-01
2117 8.561088e-01
2118 7.853225e-01
2119 6.856155e-01
2120 5.612968e-01
2121 4.173319e-01
2122 2.591038e-01
2123 9.233339e-02
2124 -7.706279e-02
2125 -2.431065e-01
2126 -3.999702e-01
2127 -5.421727e-01
2128 -6.647767e-01
2129 -7.635182e-01
2130 -8.349529e-01
2131 -8.766125e-01
2132 -8.870612e-01
2133 -8.659681e-01
2134 -8.140772e-01
2135 -7.331646e-01
2136 -6.260493e-01
2137 -4.964855e-01
2138 -3.489978e-01
2139 -1.887342e-01
2140 -2.131047e-02
2141 1.473763e-01
2142 3.113463e-01
2143 4.647713e-01
2144 6.020779e-01
2145 7.180524e-01
2146 8.079564e-01
2147 8.677969e-01
2148 8.947731e-01
2149 8.878549e-01
2150 8.477165e-01
2151 7.764320e-01
2152 6.772352e-01
2153 5.542422e-01
2154 4.122184e-01
2155 2.563758e-01
2156 9.231506e-02
2157 -7.413774e-02
2158 -2.371256e-01
2159 -3.909782e-01
2160 -5.303316e-01
2161 -6.503343e-01
2162 -7.468827e-01
2163 -8.167256e-01
2164 -8.575151e-01
2165 -8.678855e-01
2166 -8.475117e-01
2167 -7.971300e-01
2168 -7.185340e-01
2169 -6.144943e-01
2170 -4.886460e-01
2171 -3.454233e-01
2172 -1.898180e-01
2173 -2.727321e-02
2174 1.365055e-01
2175 2.957785e-01
2176 4.448870e-01
2177 5.784481e-01
2178 6.915200e-01
2179 7.797600e-01
2180 8.396625e-01
2181 8.687781e-01
2182 8.657787e-01
2183 8.306739e-01
2184 7.649582e-01
2185 6.714526e-01
2186 5.539908e-01
2187 4.170912e-01
2188 2.657913e-01
2189 1.055189e-01
2190 -5.804717e-02
2191 -2.191513e-01
2192 -3.721637e-01
2193 -5.117420e-01
2194 -6.329952e-01
2195 -7.316796e-01
2196 -8.043473e-01
2197 -8.484601e-01
2198 -8.624769e-01
2199 -8.458858e-01
2200 -7.992316e-01
2201 -7.240998e-01
2202 -6.230554e-01
2203 -4.995952e-01
2204 -3.580072e-01
2205 -2.031968e-01
2206 -4.056482e-02
2207 1.241926e-01
2208 2.852692e-01
2209 4.369543e-01
2210 5.737804e-01
2211 6.906460e-01
2212 7.829703e-01
2213 8.469060e-01
2214 8.796116e-01
2215 8.793647e-01
2216 8.458505e-01
2217 7.804648e-01
2218 6.862070e-01
2219 5.672075e-01
2220 4.282473e-01
2221 2.745532e-01
2222 1.116939e-01
2223 -5.452986e-02
2224 -2.182566e-01
2225 -3.737094e-01
2226 -5.154180e-01
2227 -6.384529e-01
2228 -7.385804e-01
2229 -8.123441e-01
2230 -8.571843e-01
2231 -8.715430e-01
2232 -8.549094e-01
2233 -8.078519e-01
2234 -7.319951e-01
2235 -6.299697e-01
2236 -5.053511e-01
2237 -3.624627e-01
2238 -2.062712e-01
2239 -4.224703e-02
2240 1.238829e-01
2241 2.862142e-01
2242 4.389484e-01
2243 5.765191e-01
2244 6.936866e-01
2245 7.857167e-01
2246 8.486386e-01
2247 8.796997e-01
2248 8.777545e-01
2249 8.433220e-01
2250 7.782104e-01
2251 6.852112e-01
2252 5.679992e-01
2253 4.310140e-01
2254 2.792910e-01
2255 1.182776e-01
2256 -4.634194e-02
2257 -2.088240e-01
2258 -3.634974e-01
2259 -5.049783e-01
2260 -6.283382e-01
2261 -7.293145e-01
2262 -8.044323e-01
2263 -8.510815e-01
2264 -8.676369e-01
2265 -8.535300e-01
2266 -8.092411e-01
2267 -7.363162e-01
2268 -6.372704e-01
2269 -5.155066e-01
2270 -3.752503e-01
2271 -2.213565e-01
2272 -5.916815e-02
2273 1.056562e-01
2274 2.673332e-01
2275 4.201943e-01
2276 5.588035e-01
2277 6.781312e-01
2278 7.736545e-01
2279 8.414748e-01
2280 8.784656e-01
2281 8.825325e-01
2282 8.531193e-01
2283 7.915180e-01
2284 7.006534e-01
2285 5.845394e-01
2286 4.478651e-01
2287 2.957791e-01
2288 1.337832e-01
2289 -3.232487e-02
2290 -1.966835e-01
2291 -3.535292e-01
2292 -4.973734e-01
2293 -6.232098e-01
2294 -7.266258e-01
2295 -8.040339e-01
2296 -8.527298e-01
2297 -8.710249e-01
2298 -8.583104e-01
2299 -8.150467e-01
2300 -7.427406e-01
2301 -6.439015e-01
2302 -5.219838e-01
2303 -3.812200e-01
2304 -2.265193e-01
2305 -6.329069e-02
2306 1.027098e-01
2307 2.656232e-01
2308 4.196873e-01
2309 5.593738e-01
2310 6.795641e-01
2311 7.756882e-01
2312 8.438306e-01
2313 8.809047e-01
2314 8.850915e-01
2315 8.560546e-01
2316 7.949277e-01
2317 7.043365e-01
2318 5.881252e-01
2319 4.509350e-01
2320 2.979370e-01
2321 1.346672e-01
2322 -3.304215e-02
2323 -1.992280e-01
2324 -3.580061e-01
2325 -5.037747e-01
2326 -6.314030e-01
2327 -7.364436e-01
2328 -8.152405e-01
2329 -8.650344e-01
2330 -8.840427e-01
2331 -8.715536e-01
2332 -8.279608e-01
2333 -7.547315e-01
2334 -6.543372e-01
2335 -5.302465e-01
2336 -3.867495e-01
2337 -2.288388e-01
2338 -6.204489e-02
2339 1.077812e-01
2340 2.746546e-01
2341 4.326415e-01
2342 5.759930e-01
2343 6.992353e-01
2344 7.972146e-01
2345 8.653674e-01
2346 9.003466e-01
2347 9.007701e-01
2348 8.672840e-01
2349 8.020161e-01
2350 7.080885e-01
2351 5.893781e-01
2352 4.504435e-01
2353 2.963528e-01
2354 1.326406e-01
2355 -3.493118e-02
2356 -2.005055e-01
2357 -3.583248e-01
2358 -5.029221e-01
2359 -6.293038e-01
2360 -7.331270e-01
2361 -8.108314e-01
2362 -8.597712e-01
2363 -8.782861e-01
2364 -8.657958e-01
2365 -8.227709e-01
2366 -7.507221e-01
2367 -6.521753e-01
2368 -5.305628e-01
2369 -3.901278e-01
2370 -2.357568e-01
2371 -7.281217e-02
2372 9.301198e-02
2373 2.558945e-01
2374 4.100955e-01
2375 5.500906e-01
2376 6.707917e-01
2377 7.675995e-01
2378 8.366474e-01
2379 8.750077e-01
2380 8.809241e-01
2381 8.539345e-01
2382 7.951002e-01
2383 7.070281e-01
2384 5.935501e-01
2385 4.593015e-01
2386 3.094073e-01
2387 1.493181e-01
2388 -1.522740e-02
2389 -1.784022e-01
2390 -3.344886e-01
2391 -4.780485e-01
2392 -6.041023e-01
2393 -7.082902e-01
2394 -7.870269e-01
2395 -8.376235e-01
2396 -8.583630e-01
2397 -8.485829e-01
2398 -8.086758e-01
2399 -7.400746e-01
2400 -6.451859e-01
2401 -5.273506e-01
2402 -3.907105e-01
2403 -2.400557e-01
2404 -8.066988e-02
2405 8.185936e-02
2406 2.418024e-01
2407 3.934968e-01
2408 5.315263e-01
2409 6.508858e-01
2410 7.470928e-01
2411 8.164047e-01
2412 8.560063e-01
2413 8.641939e-01
2414 8.404877e-01
2415 7.857500e-01
2416 7.022134e-01
2417 5.931965e-01
2418 4.628731e-01
2419 3.160455e-01
2420 1.580466e-01
2421 -5.488371e-03
2422 -1.687797e-01
2423 -3.260587e-01
2424 -4.717489e-01
2425 -6.007126e-01
2426 -7.084518e-01
2427 -7.912107e-01
2428 -8.460531e-01
2429 -8.709604e-01
2430 -8.649614e-01
2431 -8.281457e-01
2432 -7.616922e-01
2433 -6.678055e-01
2434 -5.496822e-01
2435 -4.113346e-01
2436 -2.575213e-01
2437 -9.356935e-02
2438 7.480013e-02
2439 2.416620e-01
2440 4.011130e-01
2441 5.474042e-01
2442 6.750389e-01
2443 7.788274e-01
2444 8.541153e-01
2445 8.972525e-01
2446 9.060615e-01
2447 8.802227e-01
2448 8.212349e-01
2449 7.320814e-01
2450 6.168215e-01
2451 4.801652e-01
2452 3.272872e-01
2453 1.637555e-01
2454 -4.635756e-03
2455 -1.719716e-01
2456 -3.323967e-01
2457 -4.803654e-01
2458 -6.107676e-01
2459 -7.191257e-01
2460 -8.017239e-01
2461 -8.557600e-01
2462 -8.794087e-01
2463 -8.719335e-01
2464 -8.336529e-01
2465 -7.659579e-01
2466 -6.712454e-01
2467 -5.528266e-01
2468 -4.148614e-01
2469 -2.621743e-01
2470 -1.000780e-01
2471 6.573847e-02
2472 2.294552e-01
2473 3.853043e-01
2474 5.277208e-01
2475 6.514950e-01
2476 7.518726e-01
2477 8.247699e-01
2478 8.670422e-01
2479 8.769296e-01
2480 8.541891e-01
2481 8.000351e-01
2482 7.168856e-01
2483 6.082484e-01
2484 4.784420e-01
2485 3.323849e-01
2486 1.753909e-01
2487 1.302424e-02
2488 -1.489700e-01
2489 -3.049384e-01
2490 -4.494557e-01
2491 -5.775006e-01
2492 -6.846798e-01
2493 -7.672930e-01
2494 -8.225209e-01
2495 -8.484877e-01
2496 -8.443459e-01
2497 -8.102872e-01
2498 -7.475493e-01
2499 -6.583482e-01
2500 -5.458070e-01
2501 -4.138646e-01
2502 -2.671388e-01
2503 -1.107806e-01
2504 4.972388e-02
2505 2.087505e-01
2506 3.607097e-01
2507 5.002187e-01
2508 6.222500e-01
2509 7.222746e-01
2510 7.964468e-01
2511 8.417224e-01
2512 8.561703e-01
2513 8.390933e-01
2514 7.910582e-01
2515 7.139380e-01
2516 6.108184e-01
2517 4.857144e-01
2518 3.433119e-01
2519 1.888040e-01
2520 2.771674e-02
2521 -1.342594e-01
2522 -2.914290e-01
2523 -4.382708e-01
2524 -5.695802e-01
2525 -6.807327e-01
2526 -7.677860e-01
2527 -8.276622e-01
2528 -8.582011e-01
2529 -8.582612e-01
2530 -8.277552e-01
2531 -7.676539e-01
2532 -6.799618e-01
2533 -5.676410e-01
2534 -4.345387e-01
2535 -2.852340e-01
2536 -1.248929e-01
2537 4.089988e-02
2538 2.063134e-01
2539 3.654974e-01
2540 5.127511e-01
2541 6.426873e-01
2542 7.503173e-01
2543 8.311402e-01
2544 8.814076e-01
2545 8.984976e-01
2546 8.814071e-01
2547 8.309049e-01
2548 7.493938e-01
2549 6.405356e-01
2550 5.088309e-01
2551 3.593193e-01
2552 1.974324e-01
2553 2.895853e-02
2554 -1.401554e-01
2555 -3.039288e-01
2556 -4.566153e-01
2557 -5.928759e-01
2558 -7.079462e-01
2559 -7.978035e-01
2560 -8.593068e-01
2561 -8.902875e-01
2562 -8.896856e-01
2563 -8.575013e-01
2564 -7.948293e-01
2565 -7.037688e-01
2566 -5.874232e-01
2567 -4.498460e-01
2568 -2.957878e-01
2569 -1.306152e-01
2570 3.991610e-02
2571 2.098053e-01
2572 3.730491e-01
2573 5.238156e-01
2574 6.565763e-01
2575 7.661018e-01
2576 8.475882e-01
2577 8.970245e-01
2578 9.120287e-01
2579 8.921759e-01
2580 8.387396e-01
2581 7.545081e-01
2582 6.434349e-01
2583 5.101624e-01
2584 3.598047e-01
2585 1.978856e-01
2586 3.018499e-02
2587 -1.373535e-01
2588 -2.988889e-01
2589 -4.488386e-01
2590 -5.820179e-01
2591 -6.938597e-01
2592 -7.805942e-01
2593 -8.393377e-01
2594 -8.681933e-01
2595 -8.662518e-01
2596 -8.336568e-01
2597 -7.716553e-01
2598 -6.825031e-01
2599 -5.693957e-01
2600 -4.363448e-01
2601 -2.880251e-01
2602 -1.296720e-01
2603 3.314958e-02
2604 1.947135e-01
2605 3.493516e-01
2606 4.916220e-01
2607 6.164214e-01
2608 7.191575e-01
2609 7.959199e-01
2610 8.436487e-01
2611 8.603712e-01
2612 8.453894e-01
2613 7.993562e-01
2614 7.242220e-01
2615 6.231164e-01
2616 4.999519e-01
2617 3.593237e-01
2618 2.063154e-01
2619 4.640305e-02
2620 -1.147743e-01
2621 -2.715550e-01
2622 -4.184428e-01
2623 -5.502724e-01
2624 -6.624139e-01
2625 -7.509828e-01
2626 -8.129005e-01
2627 -8.459929e-01
2628 -8.490740e-01
2629 -8.219836e-01
2630 -7.656117e-01
2631 -6.818889e-01
2632 -5.736846e-01
2633 -4.447213e-01
2634 -2.994604e-01
2635 -1.429675e-01
2636 1.930420e-02
2637 1.816799e-01
2638 3.384540e-01
2639 4.840396e-01
2640 6.131634e-01
2641 7.209801e-01
2642 8.031795e-01
2643 8.561831e-01
2644 8.774603e-01
2645 8.658410e-01
2646 8.216913e-01
2647 7.469285e-01
2648 6.447937e-01
2649 5.194785e-01
2650 3.757748e-01
2651 2.189282e-01
2652 5.451324e-02
2653 -1.116327e-01
2654 -2.736738e-01
2655 -4.259176e-01
2656 -5.630071e-01
2657 -6.801324e-01
2658 -7.731650e-01
2659 -8.388166e-01
2660 -8.747532e-01
2661 -8.796278e-01
2662 -8.531942e-01
2663 -7.963210e-01
2664 -7.109222e-01
2665 -5.999054e-01
2666 -4.670638e-01
2667 -3.169487e-01
2668 -1.547642e-01
2669 1.382882e-02
2670 1.829026e-01
2671 3.464791e-01
2672 4.987223e-01
2673 6.340428e-01
2674 7.471599e-01
2675 8.331235e-01
2676 8.877027e-01
2677 9.081210e-01
2678 8.935925e-01
2679 8.452209e-01
2680 7.656556e-01
2681 6.586590e-01
2682 5.287624e-01
2683 3.810016e-01
2684 2.208318e-01
2685 5.397996e-02
2686 -1.136304e-01
2687 -2.760973e-01
2688 -4.277304e-01
2689 -5.633500e-01
2690 -6.784027e-01
2691 -7.689998e-01
2692 -8.321145e-01
2693 -8.656546e-01
2694 -8.685535e-01
2695 -8.407887e-01
2696 -7.834084e-01
2697 -6.984902e-01
2698 -5.890391e-01
2699 -4.588993e-01
2700 -3.126475e-01
2701 -1.554175e-01
2702 7.278772e-03
2703 1.697455e-01
2704 3.262700e-01
2705 4.713519e-01
2706 5.998414e-01
2707 7.070760e-01
2708 7.890233e-01
2709 8.424466e-01
2710 8.650704e-01
2711 8.559045e-01
2712 8.153763e-01
2713 7.451981e-01
2714 6.482121e-01
2715 5.281319e-01
2716 3.894340e-01
2717 2.371602e-01
2718 7.674806e-02
2719 -8.613751e-02
2720 -2.457792e-01
2721 -3.965897e-01
2722 -5.332859e-01
2723 -6.510804e-01
2724 -7.458389e-01
2725 -8.142255e-01
2726 -8.537974e-01
2727 -8.630898e-01
2728 -8.417464e-01
2729 -7.904507e-01
2730 -7.109371e-01
2731 -6.059000e-01
2732 -4.788998e-01
2733 -3.343344e-01
2734 -1.772042e-01
2735 -1.299177e-02
2736 1.525603e-01
2737 3.136504e-01
2738 4.645599e-01
2739 5.998469e-01
2740 7.144399e-01
2741 8.037331e-01
2742 8.637687e-01
2743 8.915419e-01
2744 8.854571e-01
2745 8.456186e-01
2746 7.739215e-01
2747 6.737892e-01
2748 5.495868e-01
2749 4.062280e-01
2750 2.490041e-01
2751 8.354450e-02
2752 -8.428796e-02
2753 -2.485765e-01
2754 -4.035510e-01
2755 -5.438255e-01
2756 -6.644868e-01
2757 -7.613380e-01
2758 -8.309878e-01
2759 -8.710272e-01
2760 -8.800855e-01
2761 -8.578486e-01
2762 -8.050794e-01
2763 -7.235759e-01
2764 -6.161845e-01
2765 -4.866685e-01
2766 -3.395386e-01
2767 -1.799177e-01
2768 -1.339601e-02
2769 1.541699e-01
2770 3.168523e-01
2771 4.688825e-01
2772 6.047679e-01
2773 7.194131e-01
2774 8.081214e-01
2775 8.668268e-01
2776 8.927056e-01
2777 8.847560e-01
2778 8.437290e-01
2779 7.717695e-01
2780 6.720869e-01
2781 5.487063e-01
2782 4.063385e-01
2783 2.501928e-01
2784 8.584144e-02
2785 -8.088635e-02
2786 -2.441303e-01
2787 -3.981730e-01
2788 -5.376535e-01
2789 -6.577216e-01
2790 -7.542521e-01
2791 -8.239205e-01
2792 -8.643552e-01
2793 -8.741655e-01
2794 -8.530123e-01
2795 -8.016300e-01
2796 -7.218115e-01
2797 -6.163317e-01
2798 -4.888298e-01
2799 -3.437524e-01
2800 -1.861606e-01
2801 -2.155237e-02
2802 1.442962e-01
2803 3.055567e-01
2804 4.565372e-01
2805 5.917938e-01
2806 7.062427e-01
2807 7.952782e-01
2808 8.550173e-01
2809 8.826362e-01
2810 8.768761e-01
2811 8.383144e-01
2812 7.690801e-01
2813 6.723173e-01
2814 5.519455e-01
2815 4.125722e-01
2816 2.592804e-01
2817 9.756161e-02
2818 -6.687777e-02
2819 -2.282669e-01
2820 -3.809891e-01
2821 -5.197598e-01
2822 -6.397586e-01
2823 -7.368425e-01
2824 -8.076975e-01
2825 -8.499006e-01
2826 -8.620146e-01
2827 -8.436327e-01
2828 -7.954193e-01
2829 -7.190864e-01
2830 -6.172975e-01
2831 -4.935736e-01
2832 -3.522233e-01
2833 -1.981569e-01
2834 -3.675171e-02
2835 1.263308e-01
2836 2.853956e-01
2837 4.348271e-01
2838 5.692895e-01
2839 6.838677e-01
2840 7.742435e-01
2841 8.368436e-01
2842 8.690481e-01
2843 8.691406e-01
2844 8.365864e-01
2845 7.725071e-01
2846 6.797971e-01
2847 5.625321e-01
2848 4.254184e-01
2849 2.736127e-01
2850 1.125913e-01
2851 -5.190832e-02
2852 -2.140473e-01
2853 -3.680879e-01
2854 -5.086480e-01
2855 -6.308773e-01
2856 -7.305310e-01
2857 -8.041719e-01
2858 -8.492166e-01
2859 -8.640928e-01
2860 -8.482442e-01
2861 -8.022129e-01
2862 -7.275574e-01
2863 -6.268457e-01
2864 -5.035820e-01
2865 -3.620423e-01
2866 -2.071399e-01
2867 -4.428749e-02
2868 1.207932e-01
2869 2.822866e-01
2870 4.344485e-01
2871 5.717629e-01
2872 6.890621e-01
2873 7.816696e-01
2874 8.455124e-01
2875 8.775981e-01
2876 8.765678e-01
2877 8.428038e-01
2878 7.781346e-01
2879 6.854892e-01
2880 5.686366e-01
2881 4.319971e-01
2882 2.805410e-01
2883 1.196500e-01
2884 -4.500739e-02
2885 -2.076688e-01
2886 -3.626733e-01
2887 -5.046105e-01
2888 -6.285430e-01
2889 -7.301579e-01
2890 -8.059214e-01
2891 -8.532049e-01
2892 -8.703529e-01
2893 -8.567388e-01
2894 -8.128138e-01
2895 -7.400820e-01
2896 -6.410116e-01
2897 -5.190073e-01
2898 -3.782756e-01
2899 -2.236752e-01
2900 -6.059537e-02
2901 1.052678e-01
2902 2.681182e-01
2903 4.222228e-01
2904 5.620979e-01
2905 6.825890e-01
2906 7.789474e-01
2907 8.470150e-01
2908 8.834606e-01
2909 8.861574e-01
2910 8.548492e-01
2911 7.913740e-01
2912 6.990815e-01
2913 5.821435e-01
2914 4.452681e-01
2915 2.935631e-01
2916 1.324688e-01
2917 -3.228810e-02
2918 -1.949247e-01
2919 -3.497549e-01
2920 -4.914122e-01
2921 -6.150312e-01
2922 -7.163600e-01
2923 -7.919563e-01
2924 -8.392853e-01
2925 -8.567953e-01
2926 -8.439407e-01
2927 -8.012191e-01
2928 -7.301952e-01
2929 -6.334148e-01
2930 -5.142970e-01
2931 -3.770257e-01
2932 -2.264199e-01
2933 -6.774708e-02
2934 9.340969e-02
2935 2.513672e-01
2936 4.005725e-01
2937 5.357339e-01
2938 6.520381e-01
2939 7.452148e-01
2940 8.116713e-01
2941 8.487523e-01
2942 8.548534e-01
2943 8.295075e-01
2944 7.735593e-01
2945 6.891975e-01
2946 5.797825e-01
2947 4.495618e-01
2948 3.033740e-01
2949 1.464839e-01
2950 -1.551008e-02
2951 -1.768555e-01
2952 -3.318260e-01
2953 -4.749598e-01
2954 -6.012861e-01
2955 -7.064018e-01
2956 -7.865943e-01
2957 -8.389938e-01
2958 -8.616729e-01
2959 -8.537259e-01
2960 -8.153452e-01
2961 -7.477675e-01
2962 -6.532171e-01
2963 -5.349096e-01
2964 -3.969103e-01
2965 -2.439423e-01
2966 -8.130705e-02
2967 8.530451e-02
2968 2.500470e-01
2969 4.070981e-01
2970 5.508023e-01
2971 6.758006e-01
2972 7.771328e-01
2973 8.503068e-01
2974 8.916994e-01
2975 8.991973e-01
2976 8.725560e-01
2977 8.132522e-01
2978 7.241518e-01
2979 6.090412e-01
2980 4.724659e-01
2981 3.195025e-01
2982 1.556451e-01
2983 -1.330304e-02
2984 -1.814034e-01
2985 -3.427944e-01
2986 -4.918307e-01
2987 -6.233189e-01
2988 -7.326759e-01
2989 -8.160873e-01
2990 -8.706448e-01
2991 -8.944044e-01
2992 -8.865276e-01
2993 -8.472585e-01
2994 -7.779414e-01
2995 -6.808911e-01
2996 -5.594496e-01
2997 -4.177963e-01
2998 -2.608410e-01
2999 -9.400398e-02
3000 7.689835e-02
3001 2.458561e-01
3002 4.069162e-01
3003 5.543309e-01
3004 6.827058e-01
3005 7.870476e-01
3006 8.628044e-01
3007 9.062250e-01
3008 9.148990e-01
3009 8.883249e-01
3010 8.281633e-01
3011 7.377167e-01
3012 6.212353e-01
3013 4.835172e-01
3014 3.297465e-01
3015 1.654797e-01
3016 -3.453470e-03
3017 -1.711299e-01
3018 -3.316993e-01
3019 -4.795850e-01
3020 -6.097210e-01
3021 -7.176647e-01
3022 -7.997442e-01
3023 -8.532284e-01
3024 -8.763542e-01
3025 -8.684077e-01
3026 -8.297676e-01
3027 -7.618619e-01
3028 -6.671476e-01
3029 -5.490007e-01
3030 -4.115954e-01
3031 -2.597552e-01
3032 -9.882383e-02
3033 6.552796e-02
3034 2.275349e-01
3035 3.815221e-01
3036 5.220280e-01
3037 6.440004e-01
3038 7.429050e-01
3039 8.148321e-01
3040 8.568155e-01
3041 8.670666e-01
3042 8.451645e-01
3043 7.920594e-01
3044 7.100780e-01
3045 6.026304e-01
3046 4.739933e-01
3047 3.290031e-01
3048 1.728896e-01
3049 1.120731e-02
3050 -1.503160e-01
3051 -3.059695e-01
3052 -4.502934e-01
3053 -5.782366e-01
3054 -6.853409e-01
3055 -7.678896e-01
3056 -8.230457e-01
3057 -8.489052e-01
3058 -8.445630e-01
3059 -8.101429e-01
3060 -7.468552e-01
3061 -6.568891e-01
3062 -5.433624e-01
3063 -4.102340e-01
3064 -2.621404e-01
3065 -1.042556e-01
3066 5.787173e-02
3067 2.185454e-01
3068 3.720803e-01
3069 5.129893e-01
3070 6.361668e-01
3071 7.370122e-01
3072 8.115552e-01
3073 8.565939e-01
3074 8.700382e-01
3075 8.511229e-01
3076 8.006071e-01
3077 7.206835e-01
3078 6.146023e-01
3079 4.864448e-01
3080 3.408820e-01
3081 1.831062e-01
3082 1.868266e-02
3083 -1.465886e-01
3084 -3.068866e-01
3085 -4.565768e-01
3086 -5.903870e-01
3087 -7.035684e-01
3088 -7.920860e-01
3089 -8.527637e-01
3090 -8.833714e-01
3091 -8.827000e-01
3092 -8.506415e-01
3093 -7.881404e-01
3094 -6.972430e-01
3095 -5.809623e-01
3096 -4.432561e-01
3097 -2.888088e-01
3098 -1.229314e-01
3099 4.860041e-02
3100 2.197967e-01
3101 3.845979e-01
3102 5.370727e-01
3103 6.715929e-01
3104 7.828092e-01
3105 8.657154e-01
3106 9.158703e-01
3107 9.303176e-01
3108 9.083022e-01
3109 8.514024e-01
3110 7.629371e-01
3111 6.472811e-01
3112 5.093870e-01
3113 3.546014e-01
3114 1.885917e-01
3115 1.729204e-02
3116 -1.532490e-01
3117 -3.170473e-01
3118 -4.684119e-01
3119 -6.021673e-01
3120 -7.138715e-01
3121 -7.998217e-01
3122 -8.571791e-01
3123 -8.840927e-01
3124 -8.797385e-01
3125 -8.443960e-01
3126 -7.794159e-01
3127 -6.871775e-01
3128 -5.709543e-01
3129 -4.348796e-01
3130 -2.837594e-01
3131 -1.228732e-01
3132 4.215825e-02
3133 2.055197e-01
3134 3.614805e-01
3135 5.045734e-01
3136 6.297239e-01
3137 7.323826e-01
3138 8.086796e-01
3139 8.555585e-01
3140 8.709723e-01
3141 8.542039e-01
3142 8.060390e-01
3143 7.286355e-01
3144 6.252315e-01
3145 4.998658e-01
3146 3.571976e-01
3147 2.023768e-01
3148 4.091398e-02
3149 -1.214985e-01
3150 -2.791328e-01
3151 -4.264955e-01
3152 -5.584285e-01
3153 -6.703317e-01
3154 -7.582775e-01
3155 -8.192339e-01
3156 -8.510661e-01
3157 -8.526544e-01
3158 -8.239108e-01
3159 -7.658235e-01
3160 -6.804450e-01
3161 -5.707082e-01
3162 -4.404074e-01
3163 -2.940799e-01
3164 -1.368028e-01
3165 2.588781e-02
3166 1.882819e-01
3167 3.446292e-01
3168 4.893843e-01
3169 6.173106e-01
3170 7.236159e-01
3171 8.041011e-01
3172 8.553636e-01
3173 8.750471e-01
3174 8.621132e-01
3175 8.169840e-01
3176 7.416243e-01
3177 6.392707e-01
3178 5.140047e-01
3179 3.705000e-01
3180 2.139479e-01
3181 4.990379e-02
3182 -1.158615e-01
3183 -2.775111e-01
3184 -4.293688e-01
3185 -5.661247e-01
3186 -6.829536e-01
3187 -7.757066e-01
3188 -8.410659e-01
3189 -8.766885e-01
3190 -8.812217e-01
3191 -8.544271e-01
3192 -7.971194e-01
3193 -7.111911e-01
3194 -5.995335e-01
3195 -4.659712e-01
3196 -3.150731e-01
3197 -1.520490e-01
3198 1.743006e-02
3199 1.874204e-01
3200 3.519234e-01
3201 5.050808e-01
3202 6.413234e-01
3203 7.554655e-01
3204 8.427102e-01
3205 8.987913e-01
3206 9.204324e-01
3207 9.062579e-01
3208 8.572569e-01
3209 7.762345e-01
3210 6.671186e-01
3211 5.345571e-01
3212 3.836800e-01
3213 2.200302e-01
3214 4.944065e-02
3215 -1.220539e-01
3216 -2.883986e-01
3217 -4.437089e-01
3218 -5.825908e-01
3219 -7.003638e-01
3220 -7.930558e-01
3221 -8.574774e-01
3222 -8.914175e-01
3223 -8.937514e-01
3224 -8.644127e-01
3225 -8.044724e-01
3226 -7.160348e-01
3227 -6.021549e-01
3228 -4.668387e-01
3229 -3.148170e-01
3230 -1.514047e-01
3231 1.769324e-02
3232 1.865405e-01
3233 3.492018e-01
3234 4.999050e-01
3235 6.332513e-01
3236 7.442912e-01
3237 8.286023e-01
3238 8.824250e-01
3239 9.029807e-01
3240 8.893324e-01
3241 8.424079e-01
3242 7.646136e-01
3243 6.594860e-01
3244 5.312944e-01
3245 3.849112e-01
3246 2.256396e-01
3247 5.914698e-02
3248 -1.087057e-01
3249 -2.720055e-01
3250 -4.250735e-01
3251 -5.626097e-01
3252 -6.798408e-01
3253 -7.726909e-01
3254 -8.379640e-01
3255 -8.734235e-01
3256 -8.778849e-01
3257 -8.511962e-01
3258 -7.943198e-01
3259 -7.092773e-01
3260 -5.990538e-01
3261 -4.674604e-01
3262 -3.190926e-01
3263 -1.591175e-01
3264 6.849070e-03
3265 1.729665e-01
3266 3.333970e-01
3267 4.824548e-01
3268 6.147859e-01
3269 7.254815e-01
3270 8.101584e-01
3271 8.651741e-01
3272 8.879492e-01
3273 8.775138e-01
3274 8.345386e-01
3275 7.610616e-01
3276 6.601665e-01
3277 5.358022e-01
3278 3.926526e-01
3279 2.359269e-01
3280 7.120888e-02
3281 -9.567381e-02
3282 -2.588535e-01
3283 -4.126405e-01
3284 -5.516787e-01
3285 -6.710737e-01
3286 -7.666418e-01
3287 -8.350182e-01
3288 -8.738136e-01
3289 -8.816292e-01
3290 -8.581541e-01
3291 -8.041512e-01
3292 -7.214278e-01
3293 -6.128043e-01
3294 -4.820176e-01
3295 -3.336049e-01
3296 -1.727118e-01
3297 -4.921039e-03
3298 1.638819e-01
3299 3.277303e-01
3300 4.808026e-01
3301 6.175724e-01
3302 7.329494e-01
3303 8.223399e-01
3304 8.817829e-01
3305 9.082740e-01
3306 9.002419e-01
3307 8.579813e-01
3308 7.836227e-01
3309 6.806863e-01
3310 5.535017e-01
3311 4.069746e-01
3312 2.464734e-01
3313 7.774273e-02
3314 -9.325893e-02
3315 -2.604861e-01
3316 -4.180565e-01
3317 -5.604069e-01
3318 -6.825976e-01
3319 -7.804398e-01
3320 -8.505706e-01
3321 -8.905398e-01
3322 -8.989681e-01
3323 -8.754981e-01
3324 -8.209226e-01
3325 -7.370937e-01
3326 -6.268866e-01
3327 -4.941255e-01
3328 -3.434078e-01
3329 -1.799653e-01
3330 -9.471700e-03
3331 1.620765e-01
3332 3.286407e-01
3333 4.842965e-01
3334 6.234448e-01
3335 7.408336e-01
3336 8.316555e-01
3337 8.916000e-01
3338 9.174649e-01
3339 9.079367e-01
3340 8.638339e-01
3341 7.877472e-01
3342 6.834255e-01
3343 5.553559e-01
3344 4.084934e-01
3345 2.482778e-01
3346 8.040864e-02
3347 -8.919143e-02
3348 -2.545752e-01
3349 -4.100019e-01
3350 -5.501120e-01
3351 -6.700782e-01
3352 -7.657948e-01
3353 -8.340267e-01
3354 -8.725117e-01
3355 -8.799869e-01
3356 -8.562811e-01
3357 -8.022830e-01
3358 -7.199945e-01
3359 -6.123608e-01
3360 -4.831630e-01
3361 -3.369421e-01
3362 -1.788228e-01
3363 -1.436610e-02
3364 1.506378e-01
3365 3.103643e-01
3366 4.591736e-01
3367 5.918102e-01
3368 7.034814e-01
3369 7.899565e-01
3370 8.477889e-01
3371 8.744807e-01
3372 8.688307e-01
3373 8.310890e-01
3374 7.629140e-01
3375 6.671684e-01
3376 5.476162e-01
3377 4.087625e-01
3378 2.556451e-01
3379 9.370147e-02
3380 -7.134826e-02
3381 -2.336675e-01
3382 -3.875721e-01
3383 -5.276470e-01
3384 -6.489425e-01
3385 -7.472059e-01
3386 -8.189961e-01
3387 -8.617700e-01
3388 -8.739693e-01
3389 -8.551124e-01
3390 -8.057910e-01
3391 -7.276269e-01
3392 -6.232735e-01
3393 -4.962540e-01
3394 -3.509757e-01
3395 -1.924601e-01
3396 -2.624591e-02
3397 1.418695e-01
3398 3.059510e-01
3399 4.601664e-01
3400 5.989778e-01
3401 7.171996e-01
3402 8.100912e-01
3403 8.734948e-01
3404 9.040610e-01
3405 8.999643e-01
3406 8.613733e-01
3407 7.904155e-01
3408 6.906013e-01
3409 5.661962e-01
3410 4.220328e-01
3411 2.634035e-01
3412 9.601944e-02
3413 -7.418487e-02
3414 -2.412365e-01
3415 -3.992581e-01
3416 -5.427326e-01
3417 -6.666644e-01
3418 -7.667353e-01
3419 -8.394779e-01
3420 -8.823626e-01
3421 -8.938977e-01
3422 -8.736900e-01
3423 -8.224381e-01
3424 -7.418908e-01
3425 -6.348170e-01
3426 -5.049546e-01
3427 -3.568283e-01
3428 -1.955850e-01
3429 -2.681742e-02
3430 1.435421e-01
3431 3.094723e-01
3432 4.650744e-01
3433 6.047850e-01
3434 7.234006e-01
3435 8.162266e-01
3436 8.790822e-01
3437 9.086758e-01
3438 9.035303e-01
3439 8.642432e-01
3440 7.930337e-01
3441 6.932384e-01
3442 5.690087e-01
3443 4.251550e-01
3444 2.669582e-01
3445 1.000781e-01
3446 -6.957785e-02
3447 -2.360551e-01
3448 -3.934907e-01
3449 -5.364112e-01
3450 -6.599185e-01
3451 -7.598175e-01
3452 -8.326812e-01
3453 -8.760214e-01
3454 -8.883633e-01
3455 -8.692914e-01
3456 -8.194767e-01
3457 -7.406658e-01
3458 -6.356029e-01
3459 -5.079202e-01
3460 -3.620339e-01
3461 -2.030355e-01
3462 -3.645476e-02
3463 1.318529e-01
3464 2.959930e-01
3465 4.501760e-01
3466 5.889146e-01
3467 7.071417e-01
3468 8.002735e-01
3469 8.643818e-01
3470 8.963702e-01
3471 8.944232e-01
3472 8.585181e-01
3473 7.905474e-01
3474 6.938837e-01
3475 5.726958e-01
3476 4.317151e-01
3477 2.761419e-01
3478 1.115413e-01
3479 -5.629698e-02
3480 -2.214493e-01
3481 -3.781426e-01
3482 -5.209405e-01
3483 -6.448715e-01
3484 -7.456232e-01
3485 -8.196881e-01
3486 -8.645195e-01
3487 -8.785780e-01
3488 -8.614301e-01
3489 -8.136683e-01
3490 -7.369614e-01
3491 -6.339955e-01
3492 -5.083917e-01
3493 -3.645181e-01
3494 -2.074018e-01
3495 -4.255262e-02
3496 1.242653e-01
3497 2.871321e-01
3498 4.402860e-01
3499 5.782646e-01
3500 6.960278e-01
3501 7.890728e-01
3502 8.535089e-01
3503 8.862783e-01
3504 8.856487e-01
3505 8.516796e-01
3506 7.861528e-01
3507 6.920419e-01
3508 5.732282e-01
3509 4.342421e-01
3510 2.801256e-01
3511 1.163706e-01
3512 -5.123524e-02
3513 -2.167241e-01
3514 -3.742897e-01
3515 -5.184048e-01
3516 -6.440181e-01
3517 -7.467267e-01
3518 -8.229580e-01
3519 -8.700187e-01
3520 -8.862441e-01
3521 -8.709919e-01
3522 -8.247389e-01
3523 -7.489974e-01
3524 -6.463419e-01
3525 -5.202832e-01
3526 -3.751642e-01
3527 -2.159852e-01
3528 -4.830584e-02
3529 1.219830e-01
3530 2.888873e-01
3531 4.464944e-01
3532 5.891294e-01
3533 7.114576e-01
3534 8.085800e-01
3535 8.761031e-01
3536 9.104034e-01
3537 9.095231e-01
3538 8.738627e-01
3539 8.056547e-01
3540 7.083055e-01
3541 5.859993e-01
3542 4.435591e-01
3543 2.862299e-01
3544 1.196380e-01
3545 -5.032381e-02
3546 -2.177033e-01
3547 -3.766887e-01
3548 -5.217219e-01
3549 -6.478249e-01
3550 -7.506785e-01
3551 -8.267479e-01
3552 -8.734490e-01
3553 -8.892404e-01
3554 -8.735826e-01
3555 -8.270520e-01
3556 -7.512894e-01
3557 -6.489672e-01
3558 -5.236490e-01
3559 -3.797051e-01
3560 -2.221536e-01
3561 -5.649033e-02
3562 1.114877e-01
3563 2.759103e-01
3564 4.309796e-01
3565 5.711350e-01
3566 6.912828e-01
3567 7.868354e-01
3568 8.538423e-01
3569 8.891421e-01
3570 8.908038e-01
3571 8.585839e-01
3572 7.941906e-01
3573 7.008784e-01
3574 5.827825e-01
3575 4.445786e-01
3576 2.913848e-01
3577 1.287253e-01
3578 -3.760800e-02
3579 -2.016992e-01
3580 -3.577583e-01
3581 -5.003574e-01
3582 -6.246719e-01
3583 -7.264476e-01
3584 -8.021833e-01
3585 -8.493013e-01
3586 -8.661995e-01
3587 -8.523455e-01
3588 -8.082391e-01
3589 -7.354521e-01
3590 -6.365468e-01
3591 -5.150166e-01
3592 -3.751060e-01
3593 -2.217025e-01
3594 -6.020279e-02
3595 1.037501e-01
3596 2.643628e-01
3597 4.159764e-01
3598 5.531747e-01
3599 6.710017e-01
3600 7.650516e-01
3601 8.315838e-01
3602 8.677125e-01
3603 8.717518e-01
3604 8.434597e-01
3605 7.840827e-01
3606 6.961987e-01
3607 5.833004e-01
3608 4.495999e-01
3609 2.999478e-01
3610 1.396771e-01
3611 -2.553311e-02
3612 -1.898673e-01
3613 -3.475526e-01
3614 -4.930525e-01
3615 -6.212480e-01
3616 -7.276149e-01
3617 -8.083504e-01
3618 -8.605453e-01
3619 -8.822614e-01
3620 -8.726617e-01
3621 -8.319590e-01
3622 -7.614455e-01
3623 -6.634786e-01
3624 -5.413532e-01
3625 -3.992281e-01
3626 -2.419854e-01
3627 -7.507587e-02
3628 9.569013e-02
3629 2.642958e-01
3630 4.247578e-01
3631 5.713014e-01
3632 6.985249e-01
3633 8.014347e-01
3634 8.754429e-01
3635 9.165378e-01
3636 9.219775e-01
3637 8.913916e-01
3638 8.268196e-01
3639 7.318670e-01
3640 6.109368e-01
3641 4.689400e-01
3642 3.111955e-01
3643 1.433830e-01
3644 -2.859546e-02
3645 -1.987057e-01
3646 -3.610025e-01
3647 -5.098513e-01
3648 -6.401050e-01
3649 -7.472954e-01
3650 -8.277252e-01
3651 -8.786995e-01
3652 -8.984683e-01
3653 -8.864341e-01
3654 -8.430511e-01
3655 -7.698724e-01
3656 -6.694652e-01
3657 -5.453291e-01
3658 -4.017836e-01
3659 -2.438678e-01
3660 -7.709366e-02
3661 9.269008e-02
3662 2.595334e-01
3663 4.175430e-01
3664 5.611236e-01
3665 6.850730e-01
3666 7.846630e-01
3667 8.557665e-01
3668 8.950542e-01
3669 9.003640e-01
3670 8.714025e-01
3671 8.098395e-01
3672 7.188177e-01
3673 6.023609e-01
3674 4.650552e-01
3675 3.120165e-01
3676 1.487704e-01
3677 -1.890855e-02
3678 -1.850530e-01
3679 -3.437842e-01
3680 -4.895870e-01
3681 -6.174861e-01
3682 -7.231163e-01
3683 -8.028537e-01
3684 -8.539401e-01
3685 -8.746551e-01
3686 -8.643024e-01
3687 -8.232499e-01
3688 -7.529685e-01
3689 -6.559456e-01
3690 -5.355523e-01
3691 -3.959821e-01
3692 -2.421128e-01
3693 -7.934228e-02
3694 8.656225e-02
3695 2.497609e-01
3696 4.045307e-01
3697 5.453036e-01
3698 6.668940e-01
3699 7.645518e-01
3700 8.340821e-01
3701 8.722157e-01
3702 8.772302e-01
3703 8.493097e-01
3704 7.901903e-01
3705 7.027937e-01
3706 5.907705e-01
3707 4.584307e-01
3708 3.105572e-01
3709 1.524676e-01
3710 -1.026861e-02
3711 -1.719086e-01
3712 -3.268449e-01
3713 -4.697049e-01
3714 -5.955825e-01
3715 -7.001199e-01
3716 -7.797102e-01
3717 -8.316052e-01
3718 -8.540416e-01
3719 -8.462511e-01
3720 -8.085566e-01
3721 -7.422741e-01
3722 -6.497219e-01
3723 -5.341110e-01
3724 -3.994661e-01
3725 -2.504748e-01
3726 -9.234262e-02
3727 6.942632e-02
3728 2.291509e-01
3729 3.812198e-01
3730 5.201792e-01
3731 6.409809e-01
3732 7.390857e-01
3733 8.106260e-01
3734 8.525775e-01
3735 8.629940e-01
3736 8.412483e-01
3737 7.882244e-01
3738 7.063124e-01
3739 5.990561e-01
3740 4.707022e-01
3741 3.260800e-01
3742 1.703571e-01
3743 9.035409e-03
3744 -1.521814e-01
3745 -3.075915e-01
3746 -4.517778e-01
3747 -5.797727e-01
3748 -6.872087e-01
3749 -7.703251e-01
3750 -8.262048e-01
3751 -8.529191e-01
3752 -8.495020e-01
3753 -8.160462e-01
3754 -7.536348e-01
3755 -6.643912e-01
3756 -5.513692e-01
3757 -4.184606e-01
3758 -2.702570e-01
3759 -1.118900e-01
3760 5.114670e-02
3761 2.131716e-01
3762 3.684647e-01
3763 5.115376e-01
3764 6.372096e-01
3765 7.407130e-01
3766 8.177650e-01
3767 8.647210e-01
3768 8.789841e-01
3769 8.596059e-01
3770 8.076447e-01
3771 7.259051e-01
3772 6.181995e-01
3773 4.889277e-01
3774 3.429464e-01
3775 1.855527e-01
3776 2.232274e-02
3777 -1.409787e-01
3778 -2.986974e-01
3779 -4.453219e-01
3780 -5.757820e-01
3781 -6.855539e-01
3782 -7.708206e-01
3783 -8.286485e-01
3784 -8.570531e-01
3785 -8.551011e-01
3786 -8.228836e-01
3787 -7.615207e-01
3788 -6.731612e-01
3789 -5.608748e-01
3790 -4.285727e-01
3791 -2.808588e-01
3792 -1.228705e-01
3793 3.985059e-02
3794 2.015980e-01
3795 3.566472e-01
3796 4.995389e-01
3797 6.251204e-01
3798 7.287304e-01
3799 8.063130e-01
3800 8.544835e-01
3801 8.707689e-01
3802 8.541306e-01
3803 8.053269e-01
3804 7.268216e-01
3805 6.221243e-01
3806 4.954891e-01
3807 3.516392e-01
3808 1.957766e-01
3809 3.346029e-02
3810 -1.294793e-01
3811 -2.872801e-01
3812 -4.345181e-01
3813 -5.662076e-01
3814 -6.777816e-01
3815 -7.653212e-01
3816 -8.257529e-01
3817 -8.569597e-01
3818 -8.578287e-01
3819 -8.282927e-01
3820 -7.692926e-01
3821 -6.828254e-01
3822 -5.718328e-01
3823 -4.401226e-01
3824 -2.922754e-01
3825 -1.334011e-01
3826 3.094022e-02
3827 1.949876e-01
3828 3.529768e-01
3829 4.992723e-01
3830 6.285511e-01
3831 7.358768e-01
3832 8.166857e-01
3833 8.670489e-01
3834 8.841832e-01
3835 8.672887e-01
3836 8.176221e-01
3837 7.380243e-01
3838 6.321925e-01
3839 5.044133e-01
3840 3.595045e-01
3841 2.026773e-01
3842 3.951340e-02
3843 -1.242734e-01
3844 -2.829581e-01
3845 -4.310331e-01
3846 -5.633417e-01
3847 -6.753455e-01
3848 -7.631685e-01
3849 -8.238073e-01
3850 -8.551779e-01
3851 -8.562290e-01
3852 -8.269896e-01
3853 -7.684967e-01
3854 -6.828008e-01
3855 -5.728766e-01
3856 -4.425552e-01
3857 -2.964375e-01
3858 -1.396007e-01
3859 2.248615e-02
3860 1.841116e-01
3861 3.395931e-01
3862 4.834395e-01
3863 6.104411e-01
3864 7.158930e-01
3865 7.956240e-01
3866 8.461758e-01
3867 8.650827e-01
3868 8.517042e-01
3869 8.070536e-01
3870 7.331780e-01
3871 6.331412e-01
3872 5.108518e-01
3873 3.708196e-01
3874 2.181169e-01
3875 5.815128e-02
3876 -1.034039e-01
3877 -2.609386e-01
3878 -4.089693e-01
3879 -5.423762e-01
3880 -6.564931e-01
3881 -7.473733e-01
3882 -8.118340e-01
3883 -8.476275e-01
3884 -8.535002e-01
3885 -8.291775e-01
3886 -7.754765e-01
3887 -6.942751e-01
3888 -5.883687e-01
3889 -4.613370e-01
3890 -3.175764e-01
3891 -1.620717e-01
3892 -2.246163e-04
3893 1.622844e-01
3894 3.197614e-01
3895 4.666400e-01
3896 5.976670e-01
3897 7.079067e-01
3898 7.930035e-01
3899 8.492504e-01
3900 8.739039e-01
3901 8.654920e-01
3902 8.242994e-01
3903 7.523843e-01
3904 6.531520e-01
3905 5.307873e-01
3906 3.900559e-01
3907 2.361097e-01
3908 7.447454e-02
3909 -8.909258e-02
3910 -2.487711e-01
3911 -3.989947e-01
3912 -5.346631e-01
3913 -6.511806e-01
3914 -7.445239e-01
3915 -8.114525e-01
3916 -8.496299e-01
3917 -8.577540e-01
3918 -8.355560e-01
3919 -7.838061e-01
3920 -7.042982e-01
3921 -5.997392e-01
3922 -4.737466e-01
3923 -3.307060e-01
3924 -1.755899e-01
3925 -1.377664e-02
3926 1.490604e-01
3927 3.072086e-01
3928 4.551023e-01
3929 5.874465e-01
3930 6.993276e-01
3931 7.863799e-01
3932 8.448707e-01
3933 8.720042e-01
3934 8.662942e-01
3935 8.278808e-01
3936 7.587206e-01
3937 6.620433e-01
3938 5.418804e-01
3939 4.028372e-01
3940 2.500434e-01
3941 8.895067e-02
3942 -7.474042e-02
3943 -2.353075e-01
3944 -3.871038e-01
3945 -5.248823e-01
3946 -6.438297e-01
3947 -7.398189e-01
3948 -8.094477e-01
3949 -8.503008e-01
3950 -8.609504e-01
3951 -8.410142e-01
3952 -7.912002e-01
3953 -7.132206e-01
3954 -6.097227e-01
3955 -4.843191e-01
3956 -3.413523e-01
3957 -1.858367e-01
3958 -2.319157e-02
3959 1.408989e-01
3960 3.006513e-01
3961 4.503997e-01
3962 5.847214e-01
3963 6.986238e-01
3964 7.877435e-01
3965 8.483379e-01
3966 8.775054e-01
3967 8.735574e-01
3968 8.366475e-01
3969 7.686533e-01
3970 6.727159e-01
3971 5.527523e-01
3972 4.133274e-01
3973 2.595182e-01
3974 9.681184e-02
3975 -6.906345e-02
3976 -2.322662e-01
3977 -3.870296e-01
3978 -5.279605e-01
3979 -6.501523e-01
3980 -7.493392e-01
3981 -8.220644e-01
3982 -8.657250e-01
3983 -8.787317e-01
3984 -8.605775e-01
3985 -8.118028e-01
3986 -7.340204e-01
3987 -6.298541e-01
3988 -5.028234e-01
3989 -3.573273e-01
3990 -1.983926e-01
3991 -3.154085e-02
3992 1.373929e-01
3993 3.024552e-01
3994 4.577897e-01
3995 5.978457e-01
3996 7.173582e-01
3997 8.114893e-01
3998 8.757603e-01
3999 9.063624e-01
4000 9.010949e-01
4001 8.606694e-01
4002 7.880392e-01
4003 6.871756e-01
4004 5.625465e-01
4005 4.190431e-01
4006 2.619406e-01
4007 9.688880e-02
4008 -7.025060e-02
4009 -2.336487e-01
4010 -3.876165e-01
4011 -5.269112e-01
4012 -6.467806e-01
4013 -7.431575e-01
4014 -8.128282e-01
4015 -8.534970e-01
4016 -8.638852e-01
4017 -8.437449e-01
4018 -7.938941e-01
4019 -7.161679e-01
4020 -6.133739e-01
4021 -4.891204e-01
4022 -3.478341e-01
4023 -1.944566e-01
4024 -3.438300e-02
4025 1.267562e-01
4026 2.832976e-01
4027 4.297455e-01
4028 5.608770e-01
4029 6.719059e-01
4030 7.586306e-01
4031 8.175702e-01
4032 8.462917e-01
4033 8.437890e-01
4034 8.104026e-01
4035 7.476873e-01
4036 6.581989e-01
4037 5.454409e-01
4038 4.136836e-01
4039 2.677581e-01
4040 1.129082e-01
4041 -4.540092e-02
4042 -2.015296e-01
4043 -3.499653e-01
4044 -4.856743e-01
4045 -6.040072e-01
4046 -7.008367e-01
4047 -7.728262e-01
4048 -8.174329e-01
4049 -8.330721e-01
4050 -8.191966e-01
4051 -7.762739e-01
4052 -7.057687e-01
4053 -6.100990e-01
4054 -4.924990e-01
4055 -3.570816e-01
4056 -2.085865e-01
4057 -5.218154e-02
4058 1.066977e-01
4059 2.624884e-01
4060 4.096942e-01
4061 5.430718e-01
4062 6.577738e-01
4063 7.493654e-01
4064 8.138295e-01
4065 8.480080e-01
4066 8.502359e-01
4067 8.206519e-01
4068 7.608673e-01
4069 6.735828e-01
4070 5.623401e-01
4071 4.313489e-01
4072 2.853606e-01
4073 1.296240e-01
4074 -3.038246e-02
4075 -1.890747e-01
4076 -3.409151e-01
4077 -4.806234e-01
4078 -6.033839e-01
4079 -7.048948e-01
4080 -7.816198e-01
4081 -8.308038e-01
4082 -8.507092e-01
4083 -8.405824e-01
4084 -8.007114e-01
4085 -7.324613e-01
4086 -6.380842e-01
4087 -5.207819e-01
4088 -3.845833e-01
4089 -2.341492e-01
4090 -7.470341e-02
4091 8.820439e-02
4092 2.488801e-01
4093 4.017083e-01
4094 5.412236e-01
4095 6.623100e-01
4096 7.603279e-01
4097 8.311982e-01
4098 8.714256e-01
4099 8.784442e-01
4100 8.514365e-01
4101 7.918768e-01
4102 7.030196e-01
4103 5.890015e-01
4104 4.544654e-01
4105 3.045253e-01
4106 1.446513e-01
4107 -1.935090e-02
4108 -1.816716e-01
4109 -3.368865e-01
4110 -4.797411e-01
4111 -6.053032e-01
4112 -7.092482e-01
4113 -7.879327e-01
4114 -8.386164e-01
4115 -8.596032e-01
4116 -8.501646e-01
4117 -8.106009e-01
4118 -7.422710e-01
4119 -6.475809e-01
4120 -5.298119e-01
4121 -3.930489e-01
4122 -2.420096e-01
4123 -8.201484e-02
4124 8.139752e-02
4125 2.424679e-01
4126 3.955536e-01
4127 5.351576e-01
4128 6.561499e-01
4129 7.538438e-01
4130 8.240567e-01
4131 8.634655e-01
4132 8.700552e-01
4133 8.435978e-01
4134 7.857585e-01
4135 6.994870e-01
4136 5.885474e-01
4137 4.572022e-01
4138 3.103536e-01
4139 1.532390e-01
4140 -8.573981e-03
4141 -1.693850e-01
4142 -3.235837e-01
4143 -4.658083e-01
4144 -5.911403e-01
4145 -6.952450e-01
4146 -7.745197e-01
4147 -8.261753e-01
4148 -8.484782e-01
4149 -8.406125e-01
4150 -8.029270e-01
4151 -7.367861e-01
4152 -6.444751e-01
4153 -5.292043e-01
4154 -3.949524e-01
4155 -2.464752e-01
4156 -8.894722e-02
4157 7.215605e-02
4158 2.311330e-01
4159 3.823888e-01
4160 5.204872e-01
4161 6.405080e-01
4162 7.379425e-01
4163 8.089474e-01
4164 8.503271e-01
4165 8.599143e-01
4166 8.374099e-01
4167 7.842821e-01
4168 7.029636e-01
4169 5.966430e-01
4170 4.692830e-01
4171 3.254605e-01
4172 1.702909e-01
4173 9.242745e-03
4174 -1.520802e-01
4175 -3.080286e-01
4176 -4.532071e-01
4177 -5.825212e-01
4178 -6.914436e-01
4179 -7.761646e-01
4180 -8.336329e-01
4181 -8.618212e-01
4182 -8.596339e-01
4183 -8.270587e-01
4184 -7.651560e-01
4185 -6.759134e-01
4186 -5.623401e-01
4187 -4.282555e-01
4188 -2.782792e-01
4189 -1.175728e-01
4190 4.827945e-02
4191 2.134983e-01
4192 3.722759e-01
4193 5.190275e-01
4194 6.483468e-01
4195 7.552987e-01
4196 8.353615e-01
4197 8.844795e-01
4198 8.996021e-01
4199 8.796241e-01
4200 8.258709e-01
4201 7.415064e-01
4202 6.306495e-01
4203 4.979762e-01
4204 3.485153e-01
4205 1.877231e-01
4206 2.136759e-02
4207 -1.447394e-01
4208 -3.047733e-01
4209 -4.531643e-01
4210 -5.848202e-01
4211 -6.952518e-01
4212 -7.806773e-01
4213 -8.381884e-01
4214 -8.658971e-01
4215 -8.629166e-01
4216 -8.294186e-01
4217 -7.666158e-01
4218 -6.767798e-01
4219 -5.630788e-01
4220 -4.294683e-01
4221 -2.806807e-01
4222 -1.219337e-01
4223 4.125051e-02
4224 2.031237e-01
4225 3.580113e-01
4226 5.004192e-01
4227 6.252084e-01
4228 7.277105e-01
4229 8.036910e-01
4230 8.496653e-01
4231 8.635312e-01
4232 8.449615e-01
4233 7.951798e-01
4234 7.166645e-01
4235 6.127406e-01
4236 4.875121e-01
4237 3.456777e-01
4238 1.924298e-01
4239 3.325029e-02
4240 -1.260919e-01
4241 -2.800312e-01
4242 -4.234243e-01
4243 -5.515027e-01
4244 -6.598523e-01
4245 -7.447557e-01
4246 -8.032546e-01
4247 -8.333218e-01
4248 -8.339161e-01
4249 -8.050618e-01
4250 -7.477512e-01
4251 -6.640008e-01
4252 -5.566907e-01
4253 -4.295241e-01
4254 -2.869015e-01
4255 -1.337856e-01
4256 2.444048e-02
4257 1.822814e-01
4258 3.341759e-01
4259 4.747376e-01
4260 5.988750e-01
4261 7.020168e-01
4262 7.800858e-01
4263 8.297450e-01
4264 8.487600e-01
4265 8.363631e-01
4266 7.932884e-01
4267 7.214650e-01
4268 6.238396e-01
4269 5.040793e-01
4270 3.665761e-01
4271 2.162125e-01
4272 5.830834e-02
4273 -1.015579e-01
4274 -2.578172e-01
4275 -4.050383e-01
4276 -5.380914e-01
4277 -6.523355e-01
4278 -7.437386e-01
4279 -8.090566e-01
4280 -8.459104e-01
4281 -8.529753e-01
4282 -8.299244e-01
4283 -7.774454e-01
4284 -6.972211e-01
4285 -5.919261e-01
4286 -4.651243e-01
4287 -3.211314e-01
4288 -1.649259e-01
4289 -1.948153e-03
4290 1.621595e-01
4291 3.216382e-01
4292 4.708184e-01
4293 6.043902e-01
4294 7.174319e-01
4295 8.052911e-01
4296 8.637782e-01
4297 8.893821e-01
4298 8.801636e-01
4299 8.366197e-01
4300 7.615113e-01
4301 6.588511e-01
4302 5.330852e-01
4303 3.891328e-01
4304 2.322597e-01
4305 6.815717e-02
4306 -9.741557e-02
4307 -2.586737e-01
4308 -4.099525e-01
4309 -5.460300e-01
4310 -6.622150e-01
4311 -7.544859e-01
4312 -8.196645e-01
4313 -8.555654e-01
4314 -8.609628e-01
4315 -8.357416e-01
4316 -7.808242e-01
4317 -6.982498e-01
4318 -5.908740e-01
4319 -4.625134e-01
4320 -3.176681e-01
4321 -1.614558e-01
4322 6.732747e-04
4323 1.630147e-01
4324 3.198279e-01
4325 4.655834e-01
4326 5.950339e-01
4327 7.034477e-01
4328 7.867208e-01
4329 8.414776e-01
4330 8.649161e-01
4331 8.557576e-01
4332 8.147717e-01
4333 7.439700e-01
4334 6.463339e-01
4335 5.256373e-01
4336 3.864236e-01
4337 2.338230e-01
4338 7.334628e-02
4339 -8.919997e-02
4340 -2.480436e-01
4341 -3.979287e-01
4342 -5.338546e-01
4343 -6.511301e-01
4344 -7.455919e-01
4345 -8.138395e-01
4346 -8.534536e-01
4347 -8.629484e-01
4348 -8.418964e-01
4349 -7.909268e-01
4350 -7.117329e-01
4351 -6.069539e-01
4352 -4.801086e-01
4353 -3.355291e-01
4354 -1.781722e-01
4355 -1.348247e-02
4356 1.528352e-01
4357 3.149131e-01
4358 4.669561e-01
4359 6.035270e-01
4360 7.194156e-01
4361 8.098234e-01
4362 8.704702e-01
4363 8.980246e-01
4364 8.910347e-01
4365 8.502715e-01
4366 7.782794e-01
4367 6.784520e-01
4368 5.549075e-01
4369 4.123285e-01
4370 2.558039e-01
4371 9.087910e-02
4372 -7.665620e-02
4373 -2.409962e-01
4374 -3.964635e-01
4375 -5.376755e-01
4376 -6.597699e-01
4377 -7.585178e-01
4378 -8.304616e-01
4379 -8.731265e-01
4380 -8.850561e-01
4381 -8.658796e-01
4382 -8.162149e-01
4383 -7.377091e-01
4384 -6.330930e-01
4385 -5.059362e-01
4386 -3.606348e-01
4387 -2.021795e-01
4388 -3.608474e-02
4389 1.318380e-01
4390 2.956874e-01
4391 4.497524e-01
4392 5.885448e-01
4393 7.069335e-01
4394 8.002594e-01
4395 8.645383e-01
4396 8.965335e-01
4397 8.943174e-01
4398 8.578275e-01
4399 7.891646e-01
4400 6.918381e-01
4401 5.701913e-01
4402 4.290639e-01
4403 2.736578e-01
4404 1.095851e-01
4405 -5.736861e-02
4406 -2.213000e-01
4407 -3.765309e-01
4408 -5.176061e-01
4409 -6.396940e-01
4410 -7.385376e-01
4411 -8.108102e-01
4412 -8.540553e-01
4413 -8.668627e-01
4414 -8.488512e-01
4415 -8.006708e-01
4416 -7.241147e-01
4417 -6.218731e-01
4418 -4.975708e-01
4419 -3.555804e-01
4420 -2.009304e-01
4421 -3.909258e-02
4422 1.242324e-01
4423 2.833111e-01
4424 4.325241e-01
4425 5.665328e-01
4426 6.804611e-01
4427 7.699869e-01
4428 8.314552e-01
4429 8.619260e-01
4430 8.601472e-01
4431 8.266758e-01
4432 7.631735e-01
4433 6.722983e-01
4434 5.575779e-01
4435 4.232674e-01
4436 2.741743e-01
4437 1.156210e-01
4438 -4.683363e-02
4439 -2.073999e-01
4440 -3.605084e-01
4441 -5.007960e-01
4442 -6.233881e-01
4443 -7.240476e-01
4444 -7.991796e-01
4445 -8.460632e-01
4446 -8.630192e-01
4447 -8.493958e-01
4448 -8.055455e-01
4449 -7.329923e-01
4450 -6.341232e-01
4451 -5.122505e-01
4452 -3.715806e-01
4453 -2.169363e-01
4454 -5.371075e-02
4455 1.123715e-01
4456 2.755703e-01
4457 4.300639e-01
4458 5.702952e-01
4459 6.910790e-01
4460 7.876802e-01
4461 8.558598e-01
4462 8.921113e-01
4463 8.942252e-01
4464 8.620117e-01
4465 7.972925e-01
4466 7.033835e-01
4467 5.843640e-01
4468 4.448624e-01
4469 2.900327e-01
4470 1.254369e-01
4471 -4.291762e-02
4472 -2.089769e-01
4473 -3.669600e-01
4474 -5.117277e-01
4475 -6.384151e-01
4476 -7.426898e-01
4477 -8.208823e-01
4478 -8.702464e-01
4479 -8.889575e-01
4480 -8.764170e-01
4481 -8.329759e-01
4482 -7.600037e-01
4483 -6.599625e-01
4484 -5.361987e-01
4485 -3.929868e-01
4486 -2.352691e-01
4487 -6.844624e-02
4488 1.017288e-01
4489 2.692279e-01
4490 4.281326e-01
4491 5.728483e-01
4492 6.980642e-01
4493 7.989249e-01
4494 8.710075e-01
4495 9.103751e-01
4496 9.142983e-01
4497 8.824593e-01
4498 8.171299e-01
4499 7.221259e-01
4500 6.018108e-01
4501 4.609436e-01
4502 3.047626e-01
4503 1.388643e-01
4504 -3.079704e-02
4505 -1.982754e-01
4506 -3.577823e-01
4507 -5.037162e-01
4508 -6.310701e-01
4509 -7.354671e-01
4510 -8.133022e-01
4511 -8.619555e-01
4512 -8.798585e-01
4513 -8.664736e-01
4514 -8.223308e-01
4515 -7.491089e-01
4516 -6.494281e-01
4517 -5.267961e-01
4518 -3.855912e-01
4519 -2.307212e-01
4520 -6.766276e-02
4521 9.781033e-02
4522 2.598791e-01
4523 4.127605e-01
4524 5.510642e-01
4525 6.697549e-01
4526 7.643398e-01
4527 8.309544e-01
4528 8.664793e-01
4529 8.695652e-01
4530 8.407329e-01
4531 7.815763e-01
4532 6.945761e-01
4533 5.830640e-01
4534 4.512128e-01
4535 3.037253e-01
4536 1.458909e-01
4537 -1.678252e-02
4538 -1.786506e-01
4539 -3.340079e-01
4540 -4.774692e-01
4541 -6.039640e-01
4542 -7.091316e-01
4543 -7.892164e-01
4544 -8.414196e-01
4545 -8.638952e-01
4546 -8.557629e-01
4547 -8.173028e-01
4548 -7.497287e-01
4549 -6.553085e-01
4550 -5.373015e-01
4551 -3.997156e-01
4552 -2.473214e-01
4553 -8.538962e-02
4554 8.036661e-02
4555 2.441401e-01
4556 4.002149e-01
4557 5.429744e-01
4558 6.670553e-01
4559 7.675598e-01
4560 8.398959e-01
4561 8.801933e-01
4562 8.861686e-01
4563 8.576431e-01
4564 7.965865e-01
4565 7.065023e-01
4566 5.916052e-01
4567 4.565256e-01
4568 3.062583e-01
4569 1.462679e-01
4570 -1.757417e-02
4571 -1.793659e-01
4572 -3.332898e-01
4573 -4.744287e-01
4574 -5.982290e-01
4575 -7.005558e-01
4576 -7.779241e-01
4577 -8.277301e-01
4578 -8.482659e-01
4579 -8.389012e-01
4580 -7.999921e-01
4581 -7.329442e-01
4582 -6.401502e-01
4583 -5.247833e-01
4584 -3.908865e-01
4585 -2.431407e-01
4586 -8.666223e-02
4587 7.304803e-02
4588 2.303901e-01
4589 3.798517e-01
4590 5.161529e-01
4591 6.343149e-01
4592 7.298023e-01
4593 7.985715e-01
4594 8.376189e-01
4595 8.456941e-01
4596 8.229638e-01
4597 7.705108e-01
4598 6.904746e-01
4599 5.860796e-01
4600 4.613793e-01
4601 3.209845e-01
4602 1.699317e-01
4603 1.355188e-02
4604 -1.426860e-01
4605 -2.933912e-01
4606 -4.333406e-01
4607 -5.578168e-01
4608 -6.624392e-01
4609 -7.436151e-01
4610 -7.985192e-01
4611 -8.253379e-01
4612 -8.231129e-01
4613 -7.919572e-01
4614 -7.328946e-01
4615 -6.480679e-01
4616 -5.402873e-01
4617 -4.133512e-01
4618 -2.716193e-01
4619 -1.200156e-01
4620 3.616276e-02
4621 1.915223e-01
4622 3.406430e-01
4623 4.783035e-01
4624 5.995131e-01
4625 6.997468e-01
4626 7.752228e-01
4627 8.229982e-01
4628 8.410480e-01
4629 8.283301e-01
4630 7.851191e-01
4631 7.130198e-01
4632 6.150076e-01
4633 4.949384e-01
4634 3.572985e-01
4635 2.070305e-01
4636 4.949958e-02
4637 -1.098182e-01
4638 -2.653455e-01
4639 -4.116602e-01
4640 -5.436945e-01
4641 -6.567950e-01
4642 -7.469372e-01
4643 -8.108814e-01
4644 -8.462870e-01
4645 -8.518480e-01
4646 -8.272353e-01
4647 -7.731906e-01
4648 -6.914505e-01
4649 -5.847394e-01
4650 -4.566601e-01
4651 -3.115518e-01
4652 -1.544004e-01
4653 9.404902e-03
4654 1.741346e-01
4655 3.338981e-01
4656 4.831025e-01
4657 6.163197e-01
4658 7.285870e-01
4659 8.152880e-01
4660 8.721428e-01
4661 8.956439e-01
4662 8.839711e-01
4663 8.378261e-01
4664 7.601025e-01
4665 6.546638e-01
4666 5.259902e-01
4667 3.791164e-01
4668 2.194117e-01
4669 5.268820e-02
4670 -1.149729e-01
4671 -2.775236e-01
4672 -4.293278e-01
4673 -5.655932e-01
4674 -6.818655e-01
4675 -7.740591e-01
4676 -8.390299e-01
4677 -8.743669e-01
4678 -8.789194e-01
4679 -8.524910e-01
4680 -7.959194e-01
4681 -7.110690e-01
4682 -6.007337e-01
4683 -4.687966e-01
4684 -3.197310e-01
4685 -1.586561e-01
4686 8.794914e-03
4687 1.767954e-01
4688 3.394263e-01
4689 4.908443e-01
4690 6.256121e-01
4691 7.387110e-01
4692 8.254003e-01
4693 8.816774e-01
4694 9.042542e-01
4695 8.915663e-01
4696 8.446280e-01
4697 7.663749e-01
4698 6.607191e-01
4699 5.320892e-01
4700 3.853087e-01
4701 2.257533e-01
4702 5.913194e-02
4703 -1.087223e-01
4704 -2.719276e-01
4705 -4.246690e-01
4706 -5.616326e-01
4707 -6.781082e-01
4708 -7.700452e-01
4709 -8.343154e-01
4710 -8.687011e-01
4711 -8.720771e-01
4712 -8.443545e-01
4713 -7.865044e-01
4714 -7.005838e-01
4715 -5.896022e-01
4716 -4.574802e-01
4717 -3.089062e-01
4718 -1.491415e-01
4719 1.604243e-02
4720 1.808696e-01
4721 3.394812e-01
4722 4.862407e-01
4723 6.157956e-01
4724 7.234141e-01
4725 8.048633e-01
4726 8.560985e-01
4727 8.738431e-01
4728 8.581398e-01
4729 8.111449e-01
4730 7.354450e-01
4731 6.340334e-01
4732 5.106966e-01
4733 3.699116e-01
4734 2.167342e-01
4735 5.655247e-02
4736 -1.049909e-01
4737 -2.622252e-01
4738 -4.097820e-01
4739 -5.424909e-01
4740 -6.557924e-01
4741 -7.458363e-01
4742 -8.095443e-01
4743 -8.446867e-01
4744 -8.500464e-01
4745 -8.253785e-01
4746 -7.715193e-01
4747 -6.904044e-01
4748 -5.846860e-01
4749 -4.580414e-01
4750 -3.149088e-01
4751 -1.602522e-01
4752 5.046065e-04
4753 1.617566e-01
4754 3.178876e-01
4755 4.634628e-01
4756 5.930447e-01
4757 7.017656e-01
4758 7.849289e-01
4759 8.390472e-01
4760 8.617201e-01
4761 8.519337e-01
4762 8.103009e-01
4763 7.386191e-01
4764 6.401029e-01
4765 5.188442e-01
4766 3.796276e-01
4767 2.275293e-01
4768 6.827667e-02
4769 -9.211697e-02
4770 -2.476842e-01
4771 -3.933612e-01
4772 -5.248242e-01
4773 -6.379495e-01
4774 -7.288603e-01
4775 -7.943730e-01
4776 -8.321849e-01
4777 -8.410468e-01
4778 -8.203749e-01
4779 -7.708865e-01
4780 -6.941920e-01
4781 -5.929732e-01
4782 -4.705418e-01
4783 -3.309551e-01
4784 -1.791611e-01
4785 -2.020792e-02
4786 1.402865e-01
4787 2.968992e-01
4788 4.441128e-01
4789 5.765353e-01
4790 6.893128e-01
4791 7.775369e-01
4792 8.373093e-01
4793 8.662916e-01
4794 8.634283e-01
4795 8.288005e-01
4796 7.636625e-01
4797 6.710767e-01
4798 5.548351e-01
4799 4.195287e-01
4800 2.701509e-01
4801 1.120834e-01
4802 -4.941988e-02
4803 -2.085924e-01
4804 -3.601184e-01
4805 -4.986930e-01
4806 -6.196592e-01
4807 -7.188504e-01
4808 -7.927942e-01
4809 -8.390628e-01
4810 -8.560895e-01
4811 -8.431698e-01
4812 -8.007260e-01
4813 -7.304061e-01
4814 -6.344955e-01
4815 -5.161755e-01
4816 -3.795780e-01
4817 -2.293499e-01
4818 -7.082547e-02
4819 9.074125e-02
4820 2.495571e-01
4821 4.001219e-01
4822 5.371821e-01
4823 6.558926e-01
4824 7.517173e-01
4825 8.211278e-01
4826 8.612334e-01
4827 8.701950e-01
4828 8.472155e-01
4829 7.931272e-01
4830 7.099921e-01
4831 6.010981e-01
4832 4.704873e-01
4833 3.230047e-01
4834 1.638003e-01
4835 -1.611202e-03
4836 -1.673265e-01
4837 -3.277267e-01
4838 -4.769431e-01
4839 -6.098527e-01
4840 -7.216632e-01
4841 -8.083152e-01
4842 -8.666495e-01
4843 -8.944216e-01
4844 -8.904057e-01
4845 -8.546452e-01
4846 -7.880656e-01
4847 -6.927505e-01
4848 -5.717220e-01
4849 -4.292132e-01
4850 -2.700054e-01
4851 -9.958908e-02
4852 7.610955e-02
4853 2.509631e-01
4854 4.187788e-01
4855 5.733309e-01
4856 7.086811e-01
4857 8.195182e-01
4858 9.005910e-01
4859 9.465814e-01
4860 9.541734e-01
4861 9.228394e-01
4862 8.555217e-01
4863 7.562926e-01
4864 6.298244e-01
4865 4.813073e-01
4866 3.163245e-01
4867 1.408731e-01
4868 -3.881652e-02
4869 -2.160039e-01
4870 -3.842948e-01
4871 -5.376120e-01
4872 -6.709321e-01
4873 -7.796878e-01
4874 -8.603063e-01
4875 -9.101017e-01
4876 -9.272280e-01
4877 -9.109201e-01
4878 -8.618769e-01
4879 -7.817447e-01
4880 -6.733319e-01
4881 -5.403658e-01
4882 -3.875157e-01
4883 -2.201601e-01
4884 -4.414572e-02
4885 1.341740e-01
4886 3.084262e-01
4887 4.721294e-01
4888 6.192519e-01
4889 7.442572e-01
4890 8.419720e-01
4891 9.071092e-01
4892 9.338197e-01
4893 9.211547e-01
4894 8.731705e-01
4895 7.944960e-01
4896 6.888136e-01
4897 5.604202e-01
4898 4.142198e-01
4899 2.554783e-01
4900 9.014531e-02
4901 -7.579969e-02
4902 -2.364343e-01
4903 -3.857607e-01
4904 -5.190466e-01
4905 -6.318523e-01
4906 -7.215577e-01
4907 -7.853787e-01
4908 -8.215762e-01
4909 -8.290373e-01
4910 -8.081298e-01
4911 -7.594835e-01
4912 -6.853762e-01
4913 -5.881904e-01
4914 -4.717240e-01
4915 -3.402128e-01
4916 -1.983457e-01
4917 -5.104986e-02
4918 9.621747e-02
4919 2.387620e-01
4920 3.714388e-01
4921 4.894406e-01
4922 5.886372e-01
4923 6.656814e-01
4924 7.179205e-01
4925 7.434702e-01
4926 7.422651e-01
4927 7.151113e-01
4928 6.631832e-01
4929 5.890812e-01
4930 4.955023e-01
4931 3.859354e-01
4932 2.643496e-01
4933 1.354704e-01
4934 3.934905e-03
4935 -1.254127e-01
4936 -2.478935e-01
4937 -3.591034e-01
4938 -4.558983e-01
4939 -5.349740e-01
4940 -5.944838e-01
4941 -6.328145e-01
4942 -6.483895e-01
4943 -6.414298e-01
4944 -6.123002e-01
4945 -5.622571e-01
4946 -4.931708e-01
4947 -4.080281e-01
4948 -3.095639e-01
4949 -2.020742e-01
4950 -8.941874e-02
4951 2.462775e-02
4952 1.359006e-01
4953 2.401735e-01
4954 3.336542e-01
4955 4.134491e-01
4956 4.767295e-01
4957 5.207942e-01
4958 5.448208e-01
4959 5.483586e-01
4960 5.310400e-01
4961 4.936826e-01
4962 4.381029e-01
4963 3.670813e-01
4964 2.827752e-01
4965 1.893191e-01
4966 9.069304e-02
4967 -7.348495e-03
4968 -9.905316e-02
4969 -1.800255e-01
4970 -2.504314e-01
4971 -3.119622e-01
4972 -3.626222e-01
4973 -4.021289e-01
4974 -4.284245e-01
4975 -4.406227e-01
4976 -4.382959e-01
4977 -4.212292e-01
4978 -3.909914e-01
4979 -3.469792e-01
4980 -2.906150e-01
4981 -2.241178e-01
4982 -1.483232e-01
4983 -6.703611e-02
4984 1.784230e-02
4985 1.045402e-01
4986 1.901426e-01
4987 2.731003e-01
4988 3.491116e-01
4989 4.181160e-01
4990 4.764799e-01
4991 5.260688e-01
4992 5.624686e-01
4993 5.825930e-01
4994 5.921260e-01
4995 5.880181e-01
4996 5.685823e-01
4997 5.379242e-01
4998 4.941940e-01
4999 4.375193e-01
