   0.77700
   0.64110
   0.85133
   0.46829
   0.92128
   0.26834
   0.72643
   0.73530
   0.72014
   0.74569
   0.70166
   0.77453
   0.64614
   0.84598
   0.48210
   0.92381
   0.26041
   0.71261
   0.75775
   0.67919
   0.80619
   0.57811
   0.90243
   0.32579
   0.81271
   0.56318
   0.91023
   0.30233
   0.78042
   0.63404
   0.85852
   0.44941
   0.91553
   0.28613
   0.75577
   0.68296
   0.80115
   0.58944
   0.89540
   0.34654
   0.83786
   0.50264
   0.92497
   0.25677
   0.70610
   0.76783
   0.65959
   0.83077
   0.52019
   0.92349
   0.26142
   0.71440
   0.75492
   0.68456
   0.79897
   0.59429
   0.89210
   0.35614
   0.84843
   0.47582
   0.92284
   0.26348
   0.71801
   0.74915
   0.69533
   0.78384
   0.62692
   0.86540
   0.43099
   0.90738
   0.31096
   0.79277
   0.60785
   0.88196
   0.38518
   0.87622
   0.40129
   0.88895
   0.36527
   0.85784
   0.45122
   0.91620
   0.28409
   0.75251
   0.68908
   0.79271
   0.60798
   0.88186
   0.38548
   0.87647
   0.40060
   0.88844
   0.36672
   0.85928
   0.44741
   0.91477
   0.28849
   0.75947
   0.67589
   0.81053
   0.56822
   0.90778
   0.30974
   0.79107
   0.61153
   0.87897
   0.39360
   0.88312
   0.38192
   0.87341
   0.40908
   0.89441
   0.34943
   0.84111
   0.49448
   0.92489
   0.25704
   0.70659
   0.76708
   0.66107
   0.82901
   0.52450
   0.92278
   0.26365
   0.71832
   0.74865
   0.69624
   0.78251
   0.62969
   0.86277
   0.43807
   0.91081
   0.30057
   0.77784
   0.63937
   0.85313
   0.46362
   0.92010
   0.27200
   0.73266
   0.72471
   0.73817
   0.71512
   0.75377
   0.68672
   0.79600
   0.60082
   0.88739
   0.36974
   0.86222
   0.43955
   0.91148
   0.29853
   0.77482
   0.64556
   0.84661
   0.48050
   0.92359
   0.26111
   0.71384
   0.75581
   0.68288
   0.80126
   0.58921
   0.89556
   0.34608
   0.83734
   0.50394
   0.92494
   0.25687
   0.70628
   0.76756
   0.66013
   0.83013
   0.52175
   0.92325
   0.26218
   0.71574
   0.75279
   0.68856
   0.79344
   0.60639
   0.88312
   0.38192
   0.87341
   0.40909
   0.89442
   0.34941
   0.84109
   0.49453
   0.92489
   0.25704
   0.70658
   0.76710
   0.66104
   0.82905
   0.52439
   0.92280
   0.26359
   0.71821
   0.74882
   0.69592
   0.78297
   0.62873
   0.86369
   0.43560
   0.90966
   0.30408
   0.78297
   0.62873
   0.86368
   0.43562
   0.90967
   0.30405
   0.78293
   0.62882
   0.86360
   0.43585
   0.90978
   0.30371
   0.78244
   0.62984
   0.86262
   0.43847
   0.91099
   0.30002
   0.77703
   0.64105
   0.85139
   0.46814
   0.92124
   0.26845
   0.72661
   0.73499
   0.72069
   0.74480
   0.70327
   0.77213
   0.65100
   0.84063
   0.49568
   0.92493
   0.25690
   0.70635
   0.76746
   0.66033
   0.82989
   0.52233
   0.92316
   0.26248
   0.71625
   0.75197
   0.69010
   0.79129
   0.61106
   0.87936
   0.39250
   0.88225
   0.38439
   0.87554
   0.40318
   0.89031
   0.36133
   0.85385
   0.46173
   0.91958
   0.27362
   0.73539
   0.71999
   0.74594
   0.70121
   0.77521
   0.64476
   0.84746
   0.47830
   0.92326
   0.26216
   0.71569
   0.75287
   0.68842
   0.79365
   0.60596
   0.88346
   0.38094
   0.87255
   0.41146
   0.89599
   0.34480
   0.83588
   0.50758
   0.92479
   0.25736
   0.70716
   0.76621
   0.66278
   0.82696
   0.52946
   0.92179
   0.26675
   0.72370
   0.73985
   0.71215
   0.75848
   0.67780
   0.80803
   0.57394
   0.90477
   0.31880
   0.80351
   0.58416
   0.89879
   0.33657
   0.82618
   0.53135
   0.92136
   0.26808
   0.72598
   0.73604
   0.71885
   0.74779
   0.69782
   0.78022
   0.63447
   0.85809
   0.45054
   0.91595
   0.28485
   0.75372
   0.68681
   0.79587
   0.60110
   0.88718
   0.37034
   0.86280
   0.43799
   0.91077
   0.30068
   0.77801
   0.63904
   0.85347
   0.46271
   0.91985
   0.27277
   0.73396
   0.72247
   0.74187
   0.70854
   0.76408
   0.66696
   0.82186
   0.54171
   0.91856
   0.27677
   0.74063
   0.71076
   0.76065
   0.67363
   0.81346
   0.56145
   0.91103
   0.29991
   0.77687
   0.64138
   0.85105
   0.46903
   0.92145
   0.26780
   0.72551
   0.73684
   0.71745
   0.75004
   0.69367
   0.78621
   0.62190
   0.87002
   0.41842
   0.90038
   0.33189
   0.82043
   0.54510
   0.91748
   0.28014
   0.74615
   0.70081
   0.77579
   0.64357
   0.84873
   0.47503
   0.92269
   0.26392
   0.71879
   0.74789
   0.69764
   0.78047
   0.63395
   0.85861
   0.44917
   0.91544
   0.28642
   0.75622
   0.68211
   0.80230
   0.58688
   0.89707
   0.34163
   0.83220
   0.51668
   0.92397
   0.25992
   0.71174
   0.75912
   0.67657
   0.80965
   0.57024
   0.90674
   0.31287
   0.79543
   0.60206
   0.88646
   0.37240
   0.86476
   0.43272
   0.90825
   0.30832
   0.78906
   0.61585
   0.87535
   0.40373
   0.89071
   0.36018
   0.85267
   0.46481
   0.92042
   0.27102
   0.73101
   0.72755
   0.73341
   0.72342
   0.74030
   0.71134
   0.75974
   0.67538
   0.81119
   0.56670
   0.90854
   0.30745
   0.78782
   0.61849
   0.87305
   0.41008
   0.89508
   0.34747
   0.83891
   0.50001
   0.92500
   0.25669
   0.70596
   0.76805
   0.65915
   0.83129
   0.51892
   0.92368
   0.26084
   0.71338
   0.75654
   0.68150
   0.80312
   0.58504
   0.89824
   0.33819
   0.82812
   0.52665
   0.92237
   0.26492
   0.72053
   0.74505
   0.70282
   0.77280
   0.64965
   0.84214
   0.49188
   0.92476
   0.25745
   0.70734
   0.76594
   0.66331
   0.82632
   0.53102
   0.92144
   0.26783
   0.72557
   0.73674
   0.71763
   0.74976
   0.69419
   0.78548
   0.62346
   0.86860
   0.42229
   0.90266
