-3.298
-0.517
-1.385
-2.958
-6.043
-12.433
-19.782
-7.764
4.594
4.692
5.775
9.393
14.603
13.558
3.209
-0.050
0.679
1.790
3.789
8.312
17.116
18.838
-2.546
-6.494
-6.532
-8.891
-12.481
-12.637
-6.376
-2.716
-3.265
-5.538
-9.746
-15.274
-13.128
-2.067
0.570
-0.125
-0.801
-1.803
-4.131
-9.803
-20.458
-15.384
7.669
8.357
8.444
9.868
10.635
9.017
6.588
5.959
7.191
9.558
11.570
10.241
6.333
4.706
5.735
8.425
12.014
12.745
7.132
3.092
3.376
5.544
9.568
14.840
13.209
2.769
-0.125
0.635
1.700
3.623
8.013
16.792
19.576
-2.224
-6.777
-6.726
-8.942
-12.267
-12.308
-6.558
-3.126
-3.673
-6.027
-10.265
-15.142
-11.820
-2.102
-0.168
-1.078
-2.432
-5.110
-11.005
-19.866
-11.616
5.179
5.762
6.586
9.803
13.743
11.915
4.181
1.729
2.774
5.127
9.643
16.228
14.096
0.496
-2.192
-1.872
-2.714
-5.383
-11.412
-19.931
-10.472
5.052
5.460
6.376
9.738
14.031
12.291
3.863
1.242
2.216
4.283
8.349
15.354
16.962
1.726
-3.221
-2.991
-4.243
-7.917
-14.738
-17.619
-2.857
3.238
3.009
4.113
7.581
14.200
17.935
3.935
-3.129
-2.928
-3.859
-7.059
-13.446
-18.412
-5.524
3.177
3.089
3.904
6.983
13.161
18.189
6.189
-2.795
-2.767
-3.366
-6.029
-11.804
-18.644
-9.423
3.044
3.509
4.058
6.878
12.607
17.598
7.444
-1.877
-2.021
-2.147
-3.761
-7.826
-15.825
-19.195
-0.063
5.562
5.461
7.597
11.915
14.749
8.255
1.597
1.303
2.722
5.325
10.571
17.971
12.494
-2.230
-3.581
-3.828
-6.223
-11.467
-17.423
-10.080
1.325
2.096
2.022
3.343
6.863
14.214
20.266
3.280
-5.571
-5.372
-7.073
-11.101
-14.740
-9.877
-2.180
-1.192
-2.473
-4.826
-9.564
-17.022
-14.845
0.993
3.569
3.571
5.547
10.271
16.871
12.881
-0.488
-2.351
-2.154
-3.342
-6.684
-13.679
-19.996
-4.646
5.063
4.913
6.397
10.383
15.055
11.598
2.196
0.360
1.324
2.854
5.933
12.449
20.215
7.649
-5.180
-5.216
-6.406
-10.057
-14.494
-11.946
-3.086
-0.872
-1.884
-3.784
-7.583
-14.704
-18.535
-2.715
4.069
3.885
5.356
9.427
15.575
14.261
1.611
-1.535
-1.054
-1.223
-2.363
-5.307
-12.220
-22.143
-7.696
7.995
7.616
8.490
10.620
11.362
8.499
5.391
5.119
6.911
10.070
12.854
10.498
4.826
3.207
4.528
7.535
12.355
15.181
7.503
0.834
0.765
1.988
4.067
8.498
16.619
17.775
-1.049
-5.129
-5.148
-7.467
-12.111
-15.322
-8.071
-0.890
-0.643
-1.808
-3.731
-7.827
-15.729
-19.051
-0.329
5.351
5.244
7.335
11.735
15.090
8.746
1.386
0.905
2.159
4.339
8.876
16.767
16.709
-0.984
-4.492
-4.519
-6.755
-11.598
-16.259
-9.455
-0.144
0.547
-0.140
-0.659
-1.502
-3.535
-8.653
-19.368
-19.133
7.577
9.321
8.756
9.265
9.512
8.754
7.628
7.272
7.958
9.204
9.982
9.200
7.480
6.688
7.378
9.044
10.554
10.019
7.469
5.902
6.439
8.453
10.977
11.428
7.943
4.914
4.977
7.030
10.482
13.302
10.090
4.063
2.797
4.264
7.365
12.523
15.881
7.352
0.031
-0.039
0.806
1.866
4.106
9.396
19.296
16.489
-5.886
-7.453
-7.718
-9.908
-11.923
-10.145
-5.844
-4.353
-5.564
-8.452
-12.369
-13.128
-6.730
-2.492
-2.861
-4.952
-8.914
-14.840
-14.838
-2.882
1.118
0.599
0.343
0.516
1.138
2.777
7.071
17.165
23.627
-5.916
-10.755
-9.251
-8.429
-8.035
-8.142
-8.615
-9.038
-8.952
-8.352
-7.825
-7.888
-8.510
-9.204
-9.268
-8.476
-7.608
-7.521
-8.284
-9.349
-9.727
-8.753
-7.367
-6.995
-7.860
-9.385
-10.345
-9.314
-7.152
-6.258
-7.123
-9.128
-11.035
-10.396
-7.132
-5.261
-5.912
-8.218
-11.349
-12.303
-7.949
-4.034
-4.010
-6.078
-9.857
-14.170
-11.999
-3.564
-1.206
-2.235
-4.331
-8.473
-15.566
-16.819
-1.336
3.311
3.099
4.458
8.306
15.177
16.974
2.083
-3.061
-2.811
-3.928
-7.362
-14.073
-18.422
-4.125
3.533
3.362
4.457
7.988
14.417
17.023
3.603
-2.441
-2.165
-2.759
-5.172
-10.683
-18.926
-12.449
3.794
4.822
5.413
8.488
13.602
14.760
5.106
0.160
0.622
1.753
3.675
7.934
16.312
19.349
-1.065
-6.129
-6.068
-8.316
-12.284
-13.633
-7.127
-2.238
-2.419
-4.315
-7.951
-14.047
-16.524
-4.365
1.702
1.402
1.493
2.726
5.929
13.144
21.724
5.356
-7.126
-6.801
-8.145
-11.118
-12.585
-8.573
-4.123
-3.751
-5.632
-9.235
-13.874
-13.100
-4.291
-0.982
-1.789
-3.589
-7.105
-13.808
-18.738
-4.645
3.716
3.578
4.692
8.288
14.593
16.384
3.310
-2.043
-1.703
-2.075
-3.917
-8.404
-17.031
-18.465
2.188
6.107
6.165
8.586
12.566
13.376
6.541
2.157
2.547
4.552
8.385
14.578
15.974
3.351
-1.702
-1.316
-1.459
-2.721
-5.973
-13.312
-21.899
-4.836
7.339
6.966
8.308
11.136
12.293
8.352
4.303
4.067
6.018
9.650
13.885
12.202
4.042
1.432
2.422
4.596
8.836
15.739
15.926
1.164
-2.816
-2.556
-3.678
-7.045
-13.833
-19.059
-4.531
4.073
3.934
5.188
8.997
15.055
14.946
2.509
-1.408
-0.924
-0.912
-1.682
-3.766
-8.922
-19.248
-18.103
6.665
8.451
8.332
9.706
10.674
9.309
6.779
5.900
6.965
9.266
11.479
10.631
6.705
4.694
5.494
8.026
11.644
13.062
7.901
3.230
3.166
5.144
8.910
14.308
14.302
3.779
-0.212
0.404
1.360
2.927
6.493
14.277
21.698
2.481
-7.208
-6.844
-8.441
-11.449
-12.399
-7.907
-3.915
-3.904
-5.976
-9.783
-14.251
-12.226
-3.501
-1.016
-1.997
-3.951
-7.829
-14.894
-18.007
-2.441
3.719
3.519
4.895
8.824
15.345
15.675
1.938
-2.221
-1.865
-2.495
-4.825
-10.238
-18.999
-13.754
4.246
5.516
6.080
9.106
13.533
13.246
4.897
1.268
1.998
3.887
7.554
14.229
17.954
3.861
-3.171
-2.970
-3.929
-7.180
-13.602
-18.285
-5.189
3.118
3.000
3.815
6.869
13.058
18.365
6.411
-2.951
-2.952
-3.608
-6.418
-12.335
-18.469
-8.108
2.858
3.100
3.634
6.315
12.024
18.204
8.850
-2.460
-2.855
-3.212
-5.546
-10.832
-18.084
-11.852
2.336
3.474
3.752
6.167
11.457
17.561
10.135
-1.514
-2.281
-2.280
-3.805
-7.740
-15.436
-19.023
-0.977
5.084
4.950
6.918
11.339
15.452
9.716
1.231
0.380
1.423
3.026
6.373
13.406
20.550
5.133
-5.653
-5.487
-6.979
-10.801
-14.488
-10.355
-2.655
-1.389
-2.669
-5.112
-9.936
-17.051
-13.819
0.876
3.033
2.977
4.680
9.009
16.327
15.997
0.048
-3.499
-3.379
-5.071
-9.413
-16.242
-14.793
-0.407
2.615
2.368
3.510
6.849
13.712
19.499
4.707
-4.507
-4.374
-5.736
-9.670
-15.205
-13.369
-2.205
0.612
-0.065
-0.708
-1.614
-3.700
-8.840
-19.253
-18.397
6.854
8.660
8.444
9.623
10.400
9.164
6.981
6.226
7.223
9.313
11.159
10.233
6.854
5.167
5.984
8.419
11.596
12.242
7.525
3.823
4.007
6.192
10.114
14.427
11.647
3.101
1.059
2.131
4.189
8.298
15.530
17.310
1.299
-3.671
-3.490
-5.019
-9.149
-15.776
-15.161
-1.200
2.325
1.994
2.802
5.470
11.459
19.736
10.348
-4.726
-5.162
-6.051
-9.431
-14.135
-13.064
-3.885
-0.735
-1.561
-3.237
-6.513
-13.058
-19.396
-6.274
4.174
4.149
5.262
8.914
14.725
14.853
3.098
-1.003
-0.478
-0.126
-0.069
-0.124
-0.298
-0.772
-2.080
-5.736
-15.308
-26.931
4.445
13.354
10.010
6.433
5.217
6.348
9.000
12.055
11.701
6.535
3.638
4.297
6.788
11.007
14.731
9.981
2.219
1.178
2.448
4.779
9.476
16.937
15.045
-0.880
-3.586
-3.574
-5.525
-10.217
-16.815
-12.992
0.402
2.332
2.120
3.271
6.541
13.449
20.085
5.176
-5.100
-4.970
-6.401
-10.324
-14.948
-11.661
-2.362
-0.460
-1.440
-3.052
-6.302
-13.026
-20.070
-6.215
5.002
4.936
6.242
10.054
14.825
12.188
2.646
0.392
1.316
2.842
5.874
12.266
20.033
8.156
-4.950
-5.060
-6.171
-9.778
-14.496
-12.573
-3.219
-0.590
-1.493
-3.135
-6.381
-12.983
-19.706
-6.400
4.540
4.512
