34.518
27.291
21.028
16.402
13.555
14.428
25.987
41.833
33.035
24.676
20.045
18.487
22.637
33.449
35.274
27.676
21.159
16.286
12.831
11.460
16.419
36.375
40.386
28.728
23.276
21.266
23.565
30.439
33.449
28.722
23.118
19.112
17.964
22.989
34.665
35.128
27.036
20.575
15.730
12.093
9.617
9.391
17.937
43.041
37.789
27.960
25.028
25.035
27.382
29.758
29.151
26.388
23.918
23.453
26.156
30.391
30.768
27.166
23.367
21.453
23.289
29.638
33.307
29.246
23.726
19.678
18.407
22.977
33.961
35.046
27.321
20.874
16.053
12.613
11.156
15.713
35.557
41.073
29.107
23.636
21.693
23.907
30.274
33.015
28.633
23.302
19.558
18.854
24.392
34.867
33.969
26.354
20.213
15.651
12.652
12.645
22.179
41.985
35.356
26.084
21.598
20.437
24.485
32.759
33.432
27.172
21.421
17.418
16.222
21.728
35.907
36.246
27.084
20.553
15.896
12.909
13.121
23.249
42.082
34.672
25.684
21.159
19.907
24.061
33.041
33.897
27.251
21.264
16.968
15.043
18.818
33.528
38.698
28.845
21.871
17.270
15.040
18.083
32.103
39.307
29.595
22.356
17.600
15.157
17.645
30.901
39.606
30.216
22.741
17.816
15.095
16.836
29.101
40.100
31.220
23.387
18.313
15.478
16.988
28.610
39.807
31.470
23.527
18.269
15.040
15.410
25.209
40.229
33.578
24.856
19.438
16.373
17.446
27.758
38.993
31.920
23.851
18.272
14.354
12.526
16.291
33.698
40.870
29.411
23.004
19.866
20.756
28.148
35.343
31.087
24.232
18.924
15.386
14.902
22.598
38.962
35.442
26.026
20.192
16.694
16.797
25.289
38.467
33.549
24.980
19.077
14.886
12.586
14.851
29.863
42.240
31.054
23.855
20.211
20.241
26.503
34.880
32.248
25.294
19.720
15.873
14.731
20.667
37.047
37.039
27.149
20.883
16.964
16.165
22.749
37.197
35.427
26.321
20.047
15.632
13.132
14.967
28.790
42.002
31.527
23.933
19.829
19.107
24.652
34.801
33.749
26.263
20.193
15.717
12.956
13.858
25.747
42.427
33.148
24.866
20.564
19.580
24.387
33.866
33.801
26.750
20.734
16.378
14.152
17.019
31.668
40.273
29.985
22.763
18.372
16.913
21.729
34.791
36.217
27.471
20.804
15.903
12.281
10.020
10.972
23.888
45.249
33.937
26.352
23.821
24.486
28.136
31.025
29.290
25.429
22.427
22.045
26.025
32.090
31.762
26.593
21.819
19.082
20.403
28.765
36.048
30.810
23.723
18.330
14.517
12.973
17.710
35.659
39.502
28.478
22.303
19.161
20.118
28.161
36.090
31.251
24.051
18.552
14.611
12.754
16.459
33.551
40.741
29.416
22.902
19.589
20.207
27.559
35.642
31.596
24.489
18.980
15.114
13.676
18.805
36.193
38.574
28.000
21.741
18.244
18.535
26.445
36.994
32.636
24.734
18.846
14.399
11.046
8.702
8.170
14.967
40.856
40.231
29.089
26.374
26.191
27.273
28.326
28.080
26.733
25.489
25.428
26.902
28.723
28.799
27.028
25.084
24.485
26.115
29.025
29.874
27.662
24.764
23.228
24.529
28.754
31.391
28.956
24.814
21.831
21.750
26.467
32.882
31.681
26.015
21.107
18.282
19.597
28.663
36.912
31.061
23.631
18.070
13.903
11.026
10.404
17.735
40.857
38.468
27.848
23.871
23.267
26.355
30.931
30.906
26.842
22.842
20.876
22.931
30.011
33.882
29.220
23.355
19.032
17.289
21.206
33.377
36.549
28.214
21.366
16.294
12.441
9.524
7.426
6.633
11.175
35.466
44.344
30.731
28.159
27.701
27.169
26.554
26.320
26.729
27.480
27.820
27.348
26.483
25.998
26.406
27.488
28.191
27.703
26.476
25.588
25.877
27.353
28.659
28.274
26.588
25.100
25.053
26.906
29.175
29.166
26.931
24.592
23.854
25.826
29.510
30.532
27.731
24.242
22.295
23.587
28.792
32.467
29.516
24.543
20.803
19.861
24.354
33.376
33.707
26.962
21.027
16.788
14.948
18.955
33.969
38.581
28.644
21.760
17.252
15.226
18.820
33.188
38.691
28.978
21.932
17.222
14.733
17.036
30.417
40.142
30.539
22.998
18.200
15.882
18.745
31.731
38.647
29.619
22.299
17.223
13.904
13.585
22.052
40.465
35.657
26.105
20.888
18.605
21.274
31.258
36.078
29.195
22.339
17.200
13.526
11.887
16.060
34.640
40.950
29.211
23.231
20.663
22.315
29.535
34.333
29.750
23.601
18.962
16.627
19.273
31.259
38.056
29.725
22.383
17.111
13.260
10.964
12.431
26.578
44.316
32.649
25.340
22.443
23.150
28.131
32.554
30.118
25.021
20.979
19.508
23.163
32.480
34.568
27.895
21.650
17.067
14.530
16.571
29.716
40.499
30.936
23.272
18.493
16.307
19.489
32.328
38.014
29.174
21.991
16.882
13.306
11.893
16.847
36.289
40.078
28.605
22.947
20.638
22.707
30.173
34.218
29.246
23.193
18.708
16.646
19.948
32.477
37.597
28.986
21.869
16.724
12.961
10.738
12.331
26.906
44.484
32.495
25.384
22.676
23.536
28.369
32.280
29.784
24.920
21.143
20.054
24.152
32.869
33.756
27.277
21.365
17.163
15.487
19.903
34.565
37.765
28.155
21.355
16.714
14.168
16.190
29.603
40.873
31.033
23.395
18.787
17.010
21.075
33.696
36.706
28.125
21.277
16.242
12.468
9.841
9.211
16.113
40.672
39.564
28.547
25.172
24.880
27.047
29.633
29.395
26.718
24.098
23.323
25.674
30.035
31.034
27.644
23.707
21.470
22.760
28.806
33.405
29.934
24.302
19.992
18.231
21.823
32.688
35.873
28.313
21.593
16.565
12.886
10.840
13.129
29.354
43.884
31.436
24.858
22.342
23.539
28.846
32.597
29.543
24.478
20.669
19.645
24.102
33.411
33.941
27.066
21.031
16.669
14.518
17.645
32.260
39.720
29.620
22.459
17.947
16.135
20.242
33.947
37.460
28.285
21.384
16.488
13.221
12.716
20.702
40.499
36.564
26.640
21.643
19.824
23.003
31.851
34.553
28.269
22.047
17.486
15.098
17.625
30.958
39.630
30.192
22.730
17.828
15.161
17.055
29.500
39.960
30.989
23.235
18.174
15.309
16.712
28.286
40.012
31.672
23.662
18.432
15.330
16.114
26.594
40.063
32.696
24.308
18.913
15.682
16.221
26.045
39.662
33.045
24.536
18.970
15.427
15.092
23.175
39.210
35.014
25.761
19.985
16.499
16.592
25.162
38.652
33.639
25.007
19.131
15.031
13.056
16.501
32.965
40.742
29.598
22.878
19.293
19.442
26.474
35.870
32.462
25.007
19.227
14.989
12.510
14.125
27.870
42.729
32.011
24.391
20.584
20.348
26.062
34.394
32.495
25.699
20.120
16.308
15.362
21.712
37.300
36.217
26.699
20.440
16.298
14.768
19.695
35.579
37.912
27.886
21.323
17.128
15.752
20.996
35.747
36.845
27.399
20.820
16.263
13.715
15.600
29.117
41.399
31.323
23.664
19.251
17.928
22.754
34.474
35.314
27.207
20.695
15.816
12.142
9.578
8.962
15.806
40.664
39.762
28.685
25.454
25.203
27.131
29.334
29.083
26.714
24.408
23.837
26.061
29.795
30.484
27.451
23.962
22.159
23.761
29.247
32.566
29.196
24.170
20.507
19.766
24.702
33.880
33.520
26.587
20.678
16.454
14.561
18.416
33.738
39.051
28.871
21.983
17.625
16.042
20.724
34.857
37.073
27.792
21.053
16.291
13.251
13.467
23.524
41.785
34.534
25.553
20.854
19.319
23.210
32.894
34.640
27.692
21.406
16.773
14.036
15.394
27.705
41.303
32.061
24.030
19.303
17.432
21.205
33.166
36.529
28.309
21.448
16.357
12.483
9.527
7.272
5.561
4.321
3.868
7.223
29.896
48.768
32.627
31.397
30.296
26.799
23.471
22.157
24.550
30.305
32.342
28.247
23.357
20.101
20.174
26.389
34.842
32.325
25.364
19.770
15.898
14.703
20.494
36.862
37.188
27.257
20.956
17.014
16.175
22.660
37.087
35.498
26.385
20.088
15.649
13.093
14.740
28.216
42.140
31.819
24.107
19.969
19.201
24.608
34.628
33.756
26.348
20.288
15.835
13.179
14.501
27.239
42.171
32.329
24.364
20.073
19.067
24.078
34.276
34.147
26.728
20.560
16.004
13.171
13.937
25.409
42.191
33.355
24.929
20.464
19.224
23.715
33.644
34.346
27.147
20.942
16.375
13.655
14.945
27.351
41.703
32.264
24.219
