-9.492
-4.094
-2.012
-2.106
-3.604
-7.194
-13.509
-14.860
-4.726
1.480
3.814
6.210
10.126
13.400
9.854
3.944
1.551
1.350
2.247
4.622
9.889
16.577
10.485
-0.151
-4.181
-6.414
-9.295
-11.818
-10.315
-6.150
-3.975
-4.220
-6.417
-10.572
-13.714
-9.281
-3.244
-0.985
-0.661
-1.061
-2.239
-5.178
-11.756
-17.926
-6.766
3.234
6.490
8.234
9.670
9.864
8.411
6.883
6.628
7.783
9.741
10.715
9.026
6.521
5.589
6.542
9.029
11.572
10.586
6.625
4.275
4.360
6.413
10.357
13.463
9.543
3.698
1.437
1.267
2.136
4.432
9.594
16.558
11.007
-0.058
-4.306
-6.539
-9.286
-11.604
-10.189
-6.334
-4.303
-4.624
-6.900
-10.918
-13.267
-8.655
-3.371
-1.572
-1.685
-2.986
-6.183
-12.497
-16.237
-6.115
1.676
4.485
6.859
10.238
12.427
9.319
4.786
3.077
3.616
6.017
10.690
14.599
9.234
2.137
-0.534
-1.619
-3.129
-6.458
-12.807
-15.893
-5.682
1.639
4.308
6.704
10.253
12.703
9.416
4.527
2.654
3.019
5.102
9.546
14.819
11.108
2.554
-1.098
-2.655
-4.805
-9.068
-14.572
-11.862
-3.065
0.954
2.566
4.623
8.701
14.284
12.416
3.569
-0.742
-2.383
-4.307
-8.148
-13.882
-13.243
-4.239
0.618
2.403
4.304
8.030
13.627
13.339
4.635
-0.275
-2.009
-3.683
-7.023
-12.779
-14.701
-5.933
0.258
2.457
4.337
7.829
13.094
13.409
5.450
0.496
-1.116
-2.252
-4.465
-9.239
-15.759
-11.697
-1.248
3.072
5.232
8.196
11.939
12.013
6.806
3.124
2.388
3.413
6.295
11.744
15.254
7.551
0.379
-2.188
-3.953
-7.088
-12.250
-14.149
-6.778
-0.998
0.927
2.010
3.939
8.169
14.903
13.538
2.598
-2.630
-4.868
-7.605
-11.377
-12.473
-7.743
-3.527
-2.405
-3.182
-5.723
-10.798
-15.341
-9.076
-1.126
1.852
3.530
6.315
11.266
14.657
8.325
1.554
-0.865
-2.027
-3.890
-7.920
-14.451
-13.880
-3.307
2.104
4.311
6.929
10.940
13.146
8.576
3.450
1.739
1.955
3.478
7.109
13.627
15.099
4.483
-1.913
-4.339
-6.833
-10.584
-12.897
-9.013
-4.036
-2.272
-2.618
-4.546
-8.832
-14.795
-12.320
-2.786
1.595
3.469
5.957
10.364
14.218
9.689
2.839
0.164
-0.640
-1.351
-2.888
-6.575
-13.938
-16.419
-3.513
3.916
6.516
8.534
10.328
10.166
7.863
6.012
5.966
7.627
10.329
11.538
8.777
5.396
4.333
5.407
8.399
12.359
12.037
6.246
2.537
1.783
2.561
4.897
9.919
15.918
10.513
0.835
-2.961
-5.052
-8.148
-12.206
-12.285
-6.528
-2.591
-1.705
-2.370
-4.506
-9.226
-15.652
-11.720
-1.417
2.878
5.007
7.960
11.895
12.352
6.982
2.965
2.026
2.790
5.194
10.233
15.713
9.994
0.987
-2.502
-4.454
-7.505
-12.071
-13.249
-6.952
-2.052
-0.611
-0.484
-0.854
-1.880
-4.485
-10.654
-18.328
-8.547
3.162
6.886
8.261
9.049
9.138
8.478
7.739
7.625
8.269
9.214
9.536
8.711
7.548
7.156
7.850
9.215
10.056
9.174
7.397
6.509
7.103
8.886
10.623
10.075
7.459
5.681
5.850
7.765
10.696
11.696
8.367
4.883
3.948
5.128
8.287
12.636
12.386
5.958
1.924
0.942
1.190
2.304
5.077
11.184
17.432
7.989
-2.063
-5.538
-7.654
-9.937
-10.884
-8.850
-6.175
-5.305
-6.394
-9.104
-11.886
-10.682
-6.282
-3.803
-3.840
-5.812
-9.874
-13.903
-10.400
-3.566
-0.672
0.037
0.276
0.615
1.439
3.580
8.983
18.010
11.742
-2.596
-7.338
-8.273
-8.211
-8.107
-8.284
-8.665
-8.913
-8.744
-8.281
-7.969
-8.112
-8.629
-9.077
-8.959
-8.314
-7.771
-7.838
-8.508
-9.256
-9.289
-8.430
-7.533
-7.427
-8.231
-9.398
-9.776
-8.706
-7.276
-6.832
-7.681
-9.356
-10.430
-9.304
-7.081
-6.010
-6.675
-8.776
-11.050
-10.564
-7.264
-4.992
-4.983
-6.917
-10.436
-12.721
-9.182
-4.356
-2.595
-3.019
-5.156
-9.682
-14.924
-10.894
-2.351
1.225
2.804
5.055
9.452
14.699
11.240
2.756
-0.926
-2.436
-4.446
-8.511
-14.322
-12.759
-3.540
1.025
2.811
4.955
9.051
14.195
11.795
3.601
-0.259
-1.622
-3.077
-6.141
-12.038
-15.873
-6.976
0.694
3.461
5.661
9.242
13.066
11.070
4.937
1.898
1.443
2.236
4.467
9.431
16.149
11.344
0.612
-3.659
-5.880
-8.819
-11.926
-11.066
-6.421
-3.609
-3.424
-5.141
-8.996
-13.820
-11.782
-4.134
-0.389
0.752
1.589
3.289
7.240
14.508
15.247
2.920
-3.522
-5.997
-8.399
-10.916
-10.878
-7.607
-5.030
-4.762
-6.482
-9.934
-12.827
-9.955
-4.707
-2.483
-2.601
-4.328
-8.290
-14.223
-13.127
-3.709
1.106
2.983
5.191
9.311
14.145
11.350
3.565
0.012
-1.165
-2.298
-4.712
-9.935
-16.407
-10.431
-0.096
3.853
6.073
9.085
12.048
10.758
6.109
3.536
3.518
5.391
9.426
14.032
11.147
3.665
0.278
-0.754
-1.578
-3.296
-7.309
-14.675
-15.164
-2.648
3.727
6.180
8.530
10.866
10.656
7.535
5.180
5.044
6.850
10.234
12.600
9.425
4.658
2.824
3.244
5.444
9.991
14.793
10.372
2.372
-0.882
-2.262
-4.199
-8.222
-14.319
-13.275
-3.557
1.384
3.354
5.719
9.935
14.067
10.331
3.321
0.397
-0.417
-0.958
-2.049
-4.714
-10.824
-17.911
-8.433
2.578
6.250
8.047
9.556
9.950
8.616
6.989
6.564
7.582
9.528
10.752
9.329
6.731
5.568
6.319
8.678
11.408
10.972
7.050
4.371
4.192
6.006
9.773
13.416
10.414
4.202
1.487
1.105
1.752
3.591
7.911
15.326
14.117
1.780
-3.903
-6.253
-8.714
-11.096
-10.600
-7.214
-4.901
-4.884
-6.822
-10.399
-12.832
-9.277
-4.290
-2.435
-2.765
-4.734
-9.058
-14.786
-11.927
-2.758
1.369
3.126
5.483
9.871
14.458
10.512
2.873
-0.310
-1.465
-2.827
-5.786
-11.731
-16.344
-7.385
0.986
4.000
6.280
9.684
12.637
10.211
5.079
2.758
2.860
4.663
8.719
14.313
12.401
3.525
-0.782
-2.433
-4.386
-8.273
-13.959
-13.052
-4.113
0.605
2.342
4.216
7.922
13.599
13.520
4.683
-0.374
-2.179
-3.946
-7.429
-13.115
-14.155
-5.434
0.190
2.168
3.917
7.283
12.830
14.237
5.878
0.139
-1.842
-3.418
-6.449
-11.950
-15.125
-7.227
-0.305
2.154
3.899
7.045
12.275
14.251
6.742
0.863
-1.114
-2.305
-4.474
-9.089
-15.437
-11.950
-1.768
2.585
4.670
7.558
11.704
12.847
7.394
2.842
1.581
1.983
3.679
7.640
14.399
14.402
3.318
-2.484
-4.819
-7.453
-11.111
-12.458
-8.109
-3.848
-2.636
-3.420
-6.028
-11.079
-15.056
-8.631
-1.257
1.446
2.920
5.394
10.224
15.207
10.013
1.686
-1.586
-3.220
-5.765
-10.501
-14.805
-9.543
-2.023
0.867
2.146
4.040
8.050
14.347
13.600
3.501
-1.687
-3.777
-6.276
-10.459
-13.732
-9.443
-3.312
-0.973
-0.609
-0.954
-2.006
-4.650
-10.765
-18.008
-8.496
2.701
6.400
8.109
9.449
9.755
8.579
7.166
6.820
7.775
9.502
10.468
9.148
6.905
5.949
6.747
8.958
11.193
10.418
6.995
4.843
4.970
7.035
10.668
12.783
8.871
4.072
2.425
2.880
5.001
9.542
15.034
11.139
2.253
-1.499
-3.204
-5.658
-10.205
-14.602
-9.998
-2.484
0.506
1.674
3.204
6.532
12.794
15.719
5.746
-1.415
-4.028
-6.391
-10.053
-12.972
-9.813
-4.446
-2.249
-2.334
-3.927
-7.683
-13.860
-14.096
-4.250
1.292
3.411
5.737
9.802
13.825
10.478
3.698
0.789
0.111
-0.015
-0.064
-0.154
-0.387
-1.019
-2.777
-7.582
-17.513
-14.678
2.770
8.569
8.187
6.463
5.945
7.064
9.443
11.352
9.862
6.430
4.714
5.219
7.625
11.349
12.503
7.805
3.551
2.400
3.158
5.671
10.715
15.343
9.212
1.186
-1.839
-3.519
-6.287
-11.214
-14.654
-8.405
-1.607
0.831
1.981
3.805
7.763
14.310
14.128
3.511
-2.076
-4.320
-6.914
-10.875
-13.098
-8.657
-3.561
-1.844
-2.093
-3.709
-7.510
-14.005
-14.494
-3.962
1.905
4.195
6.725
10.654
13.168
8.999
3.714
1.830
1.982
3.467
7.028
13.451
15.160
4.767
-1.709
-4.140
-6.588
-10.383
-13.068
-9.364
-4.064
-2.061
-2.214
-3.807
-7.565
-13.884
-14.332
-4.186
1.550
