#number of free parameters= 70

#used norm for the fit= 7.994755e+00
#0 0 0 0 -2.256822e-02
#0 0 0 1 5.291361e-02
#0 0 0 2 -1.278989e-03
#0 0 0 3 -4.073650e-04
#0 0 0 4 2.013505e-05
#0 0 1 0 -6.381027e-01
#0 0 1 1 9.103767e-02
#0 0 1 2 1.445769e-04
#0 0 1 3 -4.279427e-04
#0 0 2 0 1.126559e-02
#0 0 2 1 4.776221e-03
#0 0 2 2 2.228169e-04
#0 0 3 0 2.845817e-03
#0 0 3 1 -4.998166e-04
#0 0 4 0 -8.926410e-05
#0 1 0 0 -4.598775e-02
#0 1 0 1 -1.445729e-02
#0 1 0 2 1.140368e-04
#0 1 0 3 6.338082e-05
#0 1 1 0 1.184206e-01
#0 1 1 1 -7.245396e-03
#0 1 1 2 -4.486110e-04
#0 1 2 0 4.697932e-03
#0 1 2 1 3.776692e-04
#0 1 3 0 -8.317036e-04
#0 2 0 0 -1.946374e-02
#0 2 0 1 1.169536e-03
#0 2 0 2 7.139569e-05
#0 2 1 0 -6.593335e-03
#0 2 1 1 3.172010e-04
#0 2 2 0 -3.142531e-05
#0 3 0 0 7.743932e-04
#0 3 0 1 -7.826783e-05
#0 3 1 0 3.111487e-04
#0 4 0 0 -7.088996e-05
#1 0 0 0 5.151631e-01
#1 0 0 1 6.719867e-02
#1 0 0 2 3.769676e-04
#1 0 0 3 -3.883091e-04
#1 0 1 0 -4.582807e-02
#1 0 1 1 9.358223e-03
#1 0 1 2 1.596722e-04
#1 0 2 0 3.862664e-03
#1 0 2 1 -4.337887e-04
#1 0 3 0 1.442270e-05
#1 1 0 0 1.038568e-01
#1 1 0 1 -4.034255e-03
#1 1 0 2 -5.941065e-04
#1 1 1 0 1.131417e-02
#1 1 1 1 -6.728810e-04
#1 1 2 0 -1.357116e-03
#1 2 0 0 -4.634524e-03
#1 2 0 1 2.492156e-04
#1 2 1 0 -6.926650e-04
#1 3 0 0 3.016430e-04
#2 0 0 0 -4.440550e-02
#2 0 0 1 4.715903e-03
#2 0 0 2 1.378030e-04
#2 0 1 0 6.458845e-03
#2 0 1 1 1.500402e-04
#2 0 2 0 -5.439608e-05
#2 1 0 0 5.373274e-03
#2 1 0 1 -5.525041e-04
#2 1 1 0 -8.245028e-04
#2 2 0 0 -3.912438e-04
#3 0 0 0 4.169522e-03
#3 0 0 1 2.793939e-04
#3 0 1 0 2.068236e-04
#3 1 0 0 -2.133612e-04
#4 0 0 0 2.585926e-04

#average insample error= 9.260975e-02
#average out of sample error= 8.714996e-02
7.539974e+00
6.534963e+00
5.312170e+00
3.906665e+00
2.302549e+00
6.145693e-01
-1.203949e+00
-2.992636e+00
-4.748204e+00
-6.398651e+00
-7.864889e+00
-9.099901e+00
-1.005626e+01
-1.071646e+01
-1.102489e+01
-1.095451e+01
-1.051146e+01
-9.683651e+00
-8.495648e+00
-6.973587e+00
-5.178925e+00
-3.179366e+00
-1.059399e+00
1.191936e+00
3.452164e+00
5.686240e+00
7.806512e+00
9.703823e+00
1.130991e+01
1.255659e+01
1.337478e+01
1.367441e+01
1.335824e+01
1.232345e+01
1.057250e+01
8.352480e+00
6.051304e+00
3.849544e+00
1.710167e+00
-4.420002e-01
-2.652409e+00
-4.872579e+00
-6.991857e+00
-8.886910e+00
-1.048890e+01
-1.177159e+01
-1.271229e+01
-1.327365e+01
-1.340022e+01
-1.303234e+01
-1.216214e+01
-1.085869e+01
-9.201373e+00
-7.214780e+00
-4.919164e+00
-2.388021e+00
2.744797e-01
2.999540e+00
5.728343e+00
8.371198e+00
1.080703e+01
1.291674e+01
1.460160e+01
1.572913e+01
1.602379e+01
1.489514e+01
1.158781e+01
7.046150e+00
3.844842e+00
1.806007e+00
3.034600e-01
-9.794776e-01
-2.163946e+00
-3.266750e+00
-4.282494e+00
-5.294314e+00
-6.294037e+00
-7.092933e+00
-7.562000e+00
-7.736099e+00
-7.675759e+00
-7.394926e+00
-6.835941e+00
-5.944203e+00
-4.850265e+00
-3.573152e+00
-2.132016e+00
-5.972772e-01
9.709368e-01
2.538099e+00
4.048135e+00
5.407368e+00
6.583820e+00
7.763003e+00
8.783106e+00
9.437512e+00
9.728354e+00
9.690668e+00
9.340567e+00
8.681579e+00
7.698390e+00
6.402801e+00
4.837102e+00
3.057855e+00
1.135258e+00
-8.586091e-01
-2.860998e+00
-4.816354e+00
-6.676161e+00
-8.387540e+00
-9.878386e+00
-1.106654e+01
-1.190397e+01
-1.236055e+01
-1.241360e+01
-1.204776e+01
-1.125759e+01
-1.005312e+01
-8.457253e+00
-6.505785e+00
-4.260968e+00
-1.816328e+00
7.152336e-01
3.248174e+00
5.734124e+00
8.122978e+00
1.033603e+01
1.226379e+01
1.379137e+01
1.480346e+01
1.512810e+01
1.445976e+01
1.239001e+01
9.065969e+00
5.841702e+00
3.417766e+00
1.477603e+00
-2.487117e-01
-1.890751e+00
-3.486213e+00
-4.995669e+00
-6.370284e+00
-7.630707e+00
-8.709177e+00
-9.502427e+00
-9.963812e+00
-1.007992e+01
-9.833475e+00
-9.212786e+00
-8.252932e+00
-7.024843e+00
-5.544459e+00
-3.822579e+00
-1.921881e+00
7.597466e-02
2.116546e+00
4.149288e+00
6.077469e+00
7.815224e+00
9.399895e+00
1.077202e+01
1.177659e+01
1.233518e+01
1.240928e+01
1.197464e+01
1.104587e+01
9.688241e+00
7.994847e+00
6.079491e+00
4.021869e+00
1.851147e+00
-4.150023e-01
-2.738149e+00
-5.048871e+00
-7.242550e+00
-9.212026e+00
-1.089165e+01
-1.223771e+01
-1.320808e+01
-1.375826e+01
-1.384376e+01
-1.343532e+01
-1.253898e+01
-1.120061e+01
-9.482390e+00
-7.432659e+00
-5.098163e+00
-2.538065e+00
1.899780e-01
3.034881e+00
5.918287e+00
8.699670e+00
1.122814e+01
1.339861e+01
1.511062e+01
1.620284e+01
1.632113e+01
1.466945e+01
1.037997e+01
5.522164e+00
2.688699e+00
1.008405e+00
-1.690820e-01
-1.187924e+00
-2.140910e+00
-3.014814e+00
-3.796201e+00
-4.646510e+00
-5.479547e+00
-6.115372e+00
-6.417581e+00
-6.463930e+00
-6.355563e+00
-6.123609e+00
-5.642914e+00
-4.791463e+00
-3.788121e+00
-2.642685e+00
-1.365602e+00
-3.795281e-02
1.284067e+00
2.568917e+00
3.769939e+00
4.835583e+00
5.780642e+00
6.768791e+00
7.589904e+00
8.047140e+00
8.184055e+00
8.070897e+00
7.743466e+00
7.171070e+00
6.275603e+00
5.099750e+00
3.696294e+00
2.119750e+00
4.428489e-01
-1.267282e+00
-2.959529e+00
-4.596755e+00
-6.151409e+00
-7.575656e+00
-8.800575e+00
-9.753369e+00
-1.039972e+01
-1.071951e+01
-1.069113e+01
-1.029455e+01
-9.525646e+00
-8.396358e+00
-6.917285e+00
-5.121542e+00
-3.080660e+00
-9.057570e-01
1.284725e+00
3.428884e+00
5.511896e+00
7.513013e+00
9.358798e+00
1.094616e+01
1.217431e+01
1.296257e+01
1.322519e+01
1.286904e+01
1.182874e+01
1.016067e+01
8.120628e+00
6.014252e+00
3.951938e+00
1.880736e+00
-2.600396e-01
-2.457115e+00
-4.627109e+00
-6.662444e+00
-8.484323e+00
-1.005425e+01
-1.133513e+01
-1.227357e+01
-1.280470e+01
-1.286450e+01
-1.241868e+01
-1.150209e+01
-1.021146e+01
-8.621789e+00
-6.755233e+00
-4.638126e+00
-2.319203e+00
1.581035e-01
2.747819e+00
5.368651e+00
7.907578e+00
1.024359e+01
1.226044e+01
1.383608e+01
1.480139e+01
1.487342e+01
1.362631e+01
1.086193e+01
7.559119e+00
4.920245e+00
2.852070e+00
1.112423e+00
-3.833378e-01
-1.679966e+00
-2.833768e+00
-3.933070e+00
-5.136667e+00
-6.469980e+00
-7.681368e+00
-8.533618e+00
-8.988701e+00
-9.124358e+00
-8.971639e+00
-8.410570e+00
-7.405855e+00
-6.192256e+00
-4.820998e+00
-3.254579e+00
-1.531233e+00
2.519684e-01
2.004850e+00
3.657375e+00
5.085321e+00
6.381055e+00
7.892880e+00
9.361651e+00
1.041660e+01
1.099034e+01
1.113146e+01
1.088692e+01
1.031430e+01
9.427839e+00
8.163420e+00
6.522905e+00
4.581494e+00
2.435388e+00
1.887067e-01
-2.058367e+00
-4.250768e+00
-6.372306e+00
-8.407221e+00
-1.026706e+01
-1.181776e+01
-1.298277e+01
-1.372342e+01
-1.401551e+01
-1.384736e+01
-1.320592e+01
-1.209034e+01
-1.053521e+01
-8.571739e+00
-6.233246e+00
-3.572116e+00
-7.046514e-01
2.178087e+00
4.966053e+00
7.681801e+00
1.030204e+01
1.268178e+01
1.465121e+01
1.604344e+01
1.654954e+01
1.542444e+01
1.145451e+01
6.031428e+00
2.941939e+00
1.229243e+00
1.231745e-01
-8.469470e-01
-1.800935e+00
-2.667443e+00
-3.338191e+00
-3.936229e+00
-4.566754e+00
-5.226998e+00
-5.644433e+00
-5.806766e+00
-5.807934e+00
-5.660563e+00
-5.317500e+00
-4.666124e+00
-3.790408e+00
-2.778249e+00
-1.633621e+00
-4.181266e-01
8.190175e-01
2.059148e+00
3.205647e+00
4.211592e+00
4.999234e+00
5.709922e+00
6.491620e+00
7.042853e+00
7.298181e+00
7.312995e+00
7.110089e+00
6.689973e+00
6.000737e+00
5.040711e+00
3.843624e+00
2.457114e+00
9.486078e-01
-6.184877e-01
-2.196765e+00
-3.729617e+00
-5.179690e+00
-6.513944e+00
-7.705309e+00
-8.690926e+00
-9.415713e+00
-9.849386e+00
-9.964793e+00
-9.737676e+00
-9.156576e+00
-8.229054e+00
-6.967363e+00
-5.388737e+00
-3.549447e+00
-1.553627e+00
4.800359e-01
2.488115e+00
4.434600e+00
6.293182e+00
8.022634e+00
9.571360e+00
1.084259e+01
1.174871e+01
1.221915e+01
1.219353e+01
1.163710e+01
1.057308e+01
9.105546e+00
7.384151e+00
5.514268e+00
3.515205e+00
1.377156e+00
-8.664345e-01
-3.136141e+00
-5.335259e+00
-7.376027e+00
-9.193489e+00
-1.073994e+01
-1.196192e+01
-1.279817e+01
-1.319050e+01
-1.309824e+01
-1.251622e+01
-1.148774e+01
-1.008496e+01
-8.372488e+00
-6.402214e+00
-4.214043e+00
-1.818205e+00
7.792676e-01
3.515124e+00
6.255372e+00
8.847355e+00
1.116843e+01
1.311611e+01
1.456629e+01
1.532284e+01
1.502657e+01
1.312791e+01
9.601154e+00
6.115229e+00
3.633478e+00
1.746930e+00
2.222823e-01
-1.040714e+00
-2.131486e+00
-3.122767e+00
-4.117228e+00
-5.287429e+00
-6.527437e+00
-7.522691e+00
-8.101848e+00
-8.330875e+00
-8.346395e+00
-8.132037e+00
-7.464213e+00
-6.385061e+00
-5.169880e+00
-3.794900e+00
-2.238380e+00
-5.787336e-01
1.071525e+00
2.654459e+00
4.122649e+00
5.333834e+00
6.533913e+00
7.973675e+00
9.213745e+00
9.984967e+00
1.032895e+01
1.032835e+01
1.001463e+01
9.396076e+00
8.423035e+00
7.061577e+00
5.367017e+00
3.423586e+00
1.325854e+00
-8.189591e-01
-2.928602e+00
-4.981141e+00
-6.972577e+00
-8.872438e+00
-1.055658e+01
-1.190960e+01
-1.288073e+01
-1.343906e+01
-1.356328e+01
-1.324306e+01
-1.246183e+01
-1.122664e+01
-9.559312e+00
-7.471081e+00
-4.993046e+00
-2.227084e+00
6.044377e-01
3.305668e+00
5.913772e+00
8.483156e+00
1.094337e+01
1.311676e+01
1.484887e+01
1.596453e+01
1.611896e+01
1.456976e+01
1.049498e+01
5.820501e+00
3.065501e+00
1.340415e+00
4.991129e-02
-1.128035e+00
-2.268237e+00
-3.297494e+00
-4.120069e+00
-4.877010e+00
-5.641424e+00
-6.316481e+00
-6.746118e+00
-6.947170e+00
-6.922128e+00
-6.634189e+00
-6.090372e+00
-5.281891e+00
-4.249288e+00
-3.055440e+00
-1.731300e+00
-3.306018e-01
1.120539e+00
2.588687e+00
3.962456e+00
5.153647e+00
6.112887e+00
7.026267e+00
7.863973e+00
8.429935e+00
8.699343e+00
8.666871e+00
8.325361e+00
7.702916e+00
6.803509e+00
5.626872e+00
4.201348e+00
2.579377e+00
8.276742e-01
-9.940657e-01
-2.829426e+00
-4.607647e+00
-6.275761e+00
-7.800855e+00
-9.138743e+00
-1.021681e+01
-1.098304e+01
-1.140235e+01
-1.144995e+01
-1.111062e+01
-1.037648e+01
-9.249915e+00
-7.741944e+00
-5.879601e+00
-3.733544e+00
-1.427387e+00
9.160799e-01
3.242880e+00
5.506859e+00
7.654536e+00
9.638878e+00
1.137924e+01
1.276264e+01
1.367875e+01
1.399749e+01
1.354262e+01
1.213448e+01
9.861441e+00
7.319923e+00
5.033266e+00
2.996884e+00
1.049179e+00
-9.059402e-01
-2.871942e+00
-4.776079e+00
-6.519779e+00
-8.068292e+00
-9.421781e+00
-1.052786e+01
-1.130657e+01
-1.168146e+01
-1.159111e+01
-1.101578e+01
-1.002545e+01
-8.745696e+00
-7.221314e+00
-5.443893e+00
-3.442346e+00
-1.275539e+00
1.001092e+00
3.325240e+00
5.611857e+00
7.785871e+00
9.790545e+00
1.153151e+01
1.287341e+01
1.366983e+01
1.376486e+01
1.301823e+01
1.142310e+01
9.257444e+00
6.970306e+00
4.812885e+00
2.797214e+00
8.854847e-01
-9.557583e-01
-2.768818e+00
-4.579744e+00
-6.347861e+00
-7.988717e+00
-9.415808e+00
-1.053802e+01
-1.128611e+01
-1.161675e+01
-1.148535e+01
-1.086535e+01
-9.832239e+00
-8.522845e+00
-6.983663e+00
-5.202961e+00
-3.202573e+00
-1.054404e+00
1.149651e+00
3.335393e+00
5.476748e+00
7.593106e+00
9.626162e+00
1.138948e+01
1.269302e+01
1.339146e+01
1.335736e+01
1.251570e+01
1.097041e+01
9.023983e+00
6.961055e+00
4.913172e+00
2.931194e+00
1.031248e+00
-7.979439e-01
-2.583658e+00
-4.354272e+00
-6.101483e+00
-7.768983e+00
-9.252078e+00
-1.042302e+01
-1.119449e+01
-1.151815e+01
-1.135789e+01
-1.072126e+01
-9.705806e+00
-8.423898e+00
-6.916851e+00
-5.184636e+00
-3.243416e+00
-1.156565e+00
9.830181e-01
3.098394e+00
5.183112e+00
7.277935e+00
9.323559e+00
1.111845e+01
1.244764e+01
1.316369e+01
1.317235e+01
1.245709e+01
1.112945e+01
9.391975e+00
7.437588e+00
5.401672e+00
3.384214e+00
1.441640e+00
-4.284894e-01
-2.267356e+00
-4.109085e+00
-5.935808e+00
-7.683492e+00
-9.245990e+00
-1.049777e+01
-1.134994e+01
-1.175422e+01
-1.167750e+01
-1.112467e+01
-1.017292e+01
-8.922473e+00
-7.428696e+00
-5.701846e+00
-3.753601e+00
-1.644228e+00
5.292878e-01
2.696545e+00
4.862289e+00
7.052725e+00
9.194864e+00
1.109134e+01
1.252573e+01
1.333799e+01
1.341071e+01
1.268725e+01
1.125361e+01
9.368997e+00
7.314858e+00
5.242745e+00
3.236183e+00
1.348969e+00
-4.207370e-01
-2.122343e+00
-3.813646e+00
-5.518794e+00
-7.206176e+00
-8.758616e+00
-1.001537e+01
-1.086982e+01
-1.128004e+01
-1.122048e+01
-1.068979e+01
-9.761243e+00
-8.544966e+00
-7.101745e+00
-5.437368e+00
-3.557254e+00
-1.522600e+00
5.600215e-01
2.600373e+00
4.587576e+00
6.595026e+00
8.631917e+00
1.050665e+01
1.195956e+01
1.282647e+01
1.303131e+01
1.257080e+01
1.153387e+01
1.006237e+01
8.285038e+00
6.315052e+00
4.276025e+00
2.261648e+00
2.940055e-01
-1.648311e+00
-3.585575e+00
-5.502464e+00
-7.346024e+00
-9.026098e+00
-1.042429e+01
-1.144232e+01
-1.202131e+01
-1.212430e+01
-1.174488e+01
-1.093360e+01
-9.776103e+00
-8.339981e+00
-6.654664e+00
-4.731039e+00
-2.609496e+00
-3.728117e-01
1.902282e+00
4.194961e+00
6.507351e+00
8.775240e+00
1.083405e+01
1.247612e+01
1.352099e+01
1.380806e+01
1.319308e+01
1.166280e+01
9.531517e+00
7.291655e+00
5.157022e+00
3.155962e+00
1.327190e+00
-3.201428e-01
-1.836101e+00
-3.304168e+00
-4.806948e+00
-6.382461e+00
-7.923107e+00
-9.213224e+00
-1.010594e+01
-1.057005e+01
-1.060229e+01
-1.017824e+01
-9.328949e+00
-8.180059e+00
-6.821363e+00
-5.257680e+00
-3.482498e+00
-1.550476e+00
4.267976e-01
2.338227e+00
4.119377e+00
5.845934e+00
7.684831e+00
9.532235e+00
1.105593e+01
1.204562e+01
1.244991e+01
1.229508e+01
1.167318e+01
1.068265e+01
9.341043e+00
7.650266e+00
5.692093e+00
3.590004e+00
1.423462e+00
-7.652782e-01
-2.942847e+00
-5.078639e+00
-7.135512e+00
-9.042405e+00
-1.068461e+01
-1.196665e+01
-1.283193e+01
-1.324419e+01
-1.318338e+01
-1.265367e+01
-1.168584e+01
-1.033103e+01
-8.641449e+00
-6.654645e+00
-4.402629e+00
-1.938107e+00
6.625119e-01
3.323281e+00
5.982493e+00
8.566924e+00
1.095185e+01
1.296540e+01
1.443197e+01
1.512202e+01
1.463146e+01
1.242790e+01
8.862842e+00
5.769483e+00
3.516914e+00
1.714925e+00
2.547479e-01
-9.378724e-01
-1.934662e+00
-2.775861e+00
-3.608841e+00
-4.704392e+00
-5.998313e+00
-7.091830e+00
-7.755665e+00
-8.075461e+00
-8.192691e+00
-8.057578e+00
-7.424606e+00
-6.396500e+00
-5.236801e+00
-3.910866e+00
-2.384452e+00
-7.440011e-01
8.725325e-01
2.392914e+00
3.746763e+00
4.749039e+00
5.822812e+00
7.321990e+00
8.681277e+00
9.540285e+00
9.960332e+00
1.004317e+01
9.830950e+00
9.338264e+00
8.498429e+00
7.244164e+00
5.628889e+00
3.738057e+00
1.671688e+00
-4.447800e-01
-2.516213e+00
-4.521975e+00
-6.476263e+00
-8.396673e+00
-1.015410e+01
-1.160547e+01
-1.269115e+01
-1.337483e+01
-1.363119e+01
-1.344648e+01
-1.279225e+01
-1.167965e+01
-1.013042e+01
-8.129447e+00
-5.671205e+00
-2.835012e+00
9.034556e-02
2.783134e+00
5.317914e+00
7.844263e+00
1.035024e+01
1.263220e+01
1.451081e+01
1.580755e+01
1.618342e+01
1.491215e+01
1.103660e+01
6.184655e+00
3.330261e+00
1.578516e+00
3.021852e-01
-8.670360e-01
-2.021061e+00
-3.050773e+00
-3.810186e+00
-4.444547e+00
-5.147838e+00
-5.874184e+00
-6.395315e+00
-6.696288e+00
-6.770906e+00
-6.556293e+00
-6.094231e+00
-5.379845e+00
-4.408055e+00
-3.277821e+00
-2.012551e+00
-6.571309e-01
7.640494e-01
2.225025e+00
3.589748e+00
4.762116e+00
5.633957e+00
6.437590e+00
7.305071e+00
7.965369e+00
8.346058e+00
8.426986e+00
8.183461e+00
7.662244e+00
6.883357e+00
5.825604e+00
4.504012e+00
2.967779e+00
1.282591e+00
-4.915392e-01
-2.299023e+00
-4.059027e+00
-5.714425e+00
-7.240926e+00
-8.619172e+00
-9.776733e+00
-1.064844e+01
-1.119096e+01
-1.137490e+01
-1.118331e+01
-1.060321e+01
-9.626068e+00
-8.251676e+00
-6.487319e+00
-4.384241e+00
-2.075413e+00
2.707674e-01
2.577687e+00
4.813086e+00
6.937878e+00
8.926981e+00
1.072958e+01
1.222351e+01
1.328488e+01
1.377994e+01
1.353934e+01
1.237643e+01
1.031133e+01
7.866163e+00
5.618026e+00
3.620007e+00
1.708243e+00
-2.267410e-01
-2.189801e+00
