#number of free parameters= 70

#used norm for the fit= 7.994755e+00
#0 0 0 0 -2.279148e-02
#0 0 0 1 4.044280e-02
#0 0 0 2 2.014402e-03
#0 0 0 3 -7.106256e-04
#0 0 0 4 2.850723e-05
#0 0 1 0 -6.344298e-01
#0 0 1 1 9.746447e-02
#0 0 1 2 -9.019735e-04
#0 0 1 3 -3.785062e-04
#0 0 2 0 7.978757e-03
#0 0 2 1 3.899138e-03
#0 0 2 2 3.215547e-04
#0 0 3 0 3.036968e-03
#0 0 3 1 -4.479299e-04
#0 0 4 0 -8.863830e-05
#0 1 0 0 -5.601126e-02
#0 1 0 1 -7.889838e-03
#0 1 0 2 -7.399671e-04
#0 1 0 3 8.412508e-05
#0 1 1 0 1.246534e-01
#0 1 1 1 -9.020231e-03
#0 1 1 2 -3.223901e-04
#0 1 2 0 3.997464e-03
#0 1 2 1 5.853918e-04
#0 1 3 0 -7.973546e-04
#0 2 0 0 -1.652042e-02
#0 2 0 1 4.489749e-04
#0 2 0 2 7.090098e-05
#0 2 1 0 -7.411160e-03
#0 2 1 1 3.473573e-04
#0 2 2 0 9.424313e-05
#0 3 0 0 5.984661e-04
#0 3 0 1 -1.027329e-04
#0 3 1 0 2.770726e-04
#0 4 0 0 -8.250397e-05
#1 0 0 0 5.157979e-01
#1 0 0 1 7.498938e-02
#1 0 0 2 -6.131137e-04
#1 0 0 3 -3.532528e-04
#1 0 1 0 -5.451648e-02
#1 0 1 1 7.089347e-03
#1 0 1 2 2.986191e-04
#1 0 2 0 4.351690e-03
#1 0 2 1 -2.733393e-04
#1 0 3 0 2.862461e-05
#1 1 0 0 1.118996e-01
#1 1 0 1 -5.673819e-03
#1 1 0 2 -4.804659e-04
#1 1 1 0 9.445740e-03
#1 1 1 1 -4.452493e-04
#1 1 2 0 -1.203872e-03
#1 2 0 0 -5.352752e-03
#1 2 0 1 3.065135e-04
#1 2 1 0 -5.607316e-04
#1 3 0 0 2.869690e-04
#2 0 0 0 -4.888964e-02
#2 0 0 1 3.460390e-03
#2 0 0 2 2.148609e-04
#2 0 1 0 6.783476e-03
#2 0 1 1 2.610719e-04
#2 0 2 0 -4.154161e-05
#2 1 0 0 4.321968e-03
#2 1 0 1 -4.522355e-04
#2 1 1 0 -6.752014e-04
#2 2 0 0 -3.451982e-04
#3 0 0 0 4.221480e-03
#3 0 0 1 2.834981e-04
#3 0 1 0 2.054294e-04
#3 1 0 0 -1.821343e-04
#4 0 0 0 2.538453e-04

#average insample error= 9.146327e-02
7.540634e+00
6.533910e+00
5.309713e+00
3.903903e+00
2.299570e+00
6.113125e-01
-1.207103e+00
-2.995515e+00
-4.749265e+00
-6.396585e+00
-7.861612e+00
-9.093659e+00
-1.004513e+01
-1.070472e+01
-1.101166e+01
-1.093794e+01
-1.049370e+01
-9.665203e+00
-8.475627e+00
-6.953938e+00
-5.163896e+00
-3.167406e+00
-1.053007e+00
1.194662e+00
3.454767e+00
5.686533e+00
7.804201e+00
9.700334e+00
1.130367e+01
1.254814e+01
1.336601e+01
1.367048e+01
1.336802e+01
1.235990e+01
1.064416e+01
8.447508e+00
6.144005e+00
3.926305e+00
1.769466e+00
-3.976023e-01
-2.623641e+00
-4.863477e+00
-7.006195e+00
-8.925914e+00
-1.054999e+01
-1.185003e+01
-1.280549e+01
-1.338019e+01
-1.351877e+01
-1.316016e+01
-1.229546e+01
-1.099419e+01
-9.335923e+00
-7.342748e+00
-5.032922e+00
-2.481633e+00
2.040234e-01
2.956674e+00
5.717498e+00
8.390666e+00
1.085175e+01
1.298509e+01
1.469239e+01
1.583622e+01
1.612706e+01
1.493723e+01
1.145838e+01
6.768024e+00
3.595389e+00
1.616535e+00
1.830314e-01
-1.033953e+00
-2.159710e+00
-3.209319e+00
-4.170319e+00
-5.132707e+00
-6.092703e+00
-6.849975e+00
-7.268189e+00
-7.403037e+00
-7.327889e+00
-7.054330e+00
-6.514537e+00
-5.634658e+00
-4.556764e+00
-3.322608e+00
-1.935423e+00
-4.576194e-01
1.044746e+00
2.535542e+00
3.967108e+00
5.254771e+00
6.361725e+00
7.498931e+00
8.483167e+00
9.089003e+00
9.337768e+00
9.278849e+00
8.931287e+00
8.291092e+00
7.328038e+00
6.057315e+00
4.531203e+00
2.806332e+00
9.493598e-01
-9.693698e-01
-2.889951e+00
-4.762848e+00
-6.547149e+00
-8.194961e+00
-9.628140e+00
-1.076288e+01
-1.156051e+01
-1.199689e+01
-1.204922e+01
-1.169827e+01
-1.093276e+01
-9.754170e+00
-8.177332e+00
-6.234868e+00
-3.996917e+00
-1.581917e+00
8.757703e-01
3.303917e+00
5.683500e+00
7.980125e+00
1.011839e+01
1.198028e+01
1.345097e+01
1.442475e+01
1.475100e+01
1.418442e+01
1.241848e+01
9.536479e+00
6.515044e+00
4.067720e+00
2.039319e+00
1.833750e-01
-1.622575e+00
-3.395077e+00
-5.070715e+00
-6.577769e+00
-7.936823e+00
-9.126379e+00
-1.005229e+01
-1.064692e+01
-1.086231e+01
-1.065917e+01
-1.003195e+01
-9.042823e+00
-7.780507e+00
-6.267770e+00
-4.500475e+00
-2.522911e+00
-4.127137e-01
1.767750e+00
3.958260e+00
6.062626e+00
7.987493e+00
9.732037e+00
1.125213e+01
1.239907e+01
1.305634e+01
1.313759e+01
1.258481e+01
1.140838e+01
9.725425e+00
7.741277e+00
5.658588e+00
3.568316e+00
1.466362e+00
-6.749619e-01
-2.862782e+00
-5.053047e+00
-7.133447e+00
-8.980774e+00
-1.053474e+01
-1.176547e+01
-1.262994e+01
-1.307320e+01
-1.303613e+01
-1.248849e+01
-1.147552e+01
-1.010040e+01
-8.433591e+00
-6.490478e+00
-4.294075e+00
-1.901052e+00
6.250121e-01
3.239690e+00
5.895057e+00
8.478985e+00
1.082520e+01
1.279515e+01
1.425826e+01
1.500983e+01
1.468443e+01
1.280108e+01
9.522052e+00
6.359748e+00
3.974735e+00
2.062247e+00
4.737243e-01
-8.548350e-01
-1.973697e+00
-2.933703e+00
-3.865134e+00
-5.021609e+00
-6.371740e+00
-7.522318e+00
-8.235050e+00
-8.561919e+00
-8.633993e+00
-8.447446e+00
-7.796650e+00
-6.710759e+00
-5.484266e+00
-4.120861e+00
-2.569368e+00
-8.883730e-01
7.989926e-01
2.403582e+00
3.852745e+00
5.000967e+00
6.178717e+00
7.739897e+00
9.167346e+00
1.008890e+01
1.053395e+01
1.059735e+01
1.033671e+01
9.789984e+00
8.898365e+00
7.583809e+00
5.896579e+00
3.930765e+00
1.789531e+00
-4.090545e-01
-2.567810e+00
-4.662880e+00
-6.721668e+00
-8.753092e+00
-1.060431e+01
-1.212296e+01
-1.325590e+01
-1.397654e+01
-1.426359e+01
-1.410184e+01
-1.345436e+01
-1.231319e+01
-1.070711e+01
-8.622087e+00
-6.041990e+00
-3.047713e+00
3.443671e-02
2.839109e+00
5.477817e+00
8.146940e+00
1.080812e+01
1.323393e+01
1.526149e+01
1.675339e+01
1.744894e+01
1.671332e+01
1.307466e+01
6.463924e+00
2.461171e+00
7.705278e-01
-1.360185e-01
-1.077953e+00
-2.126953e+00
-3.174767e+00
-4.063020e+00
-4.683099e+00
-4.932331e+00
-4.956519e+00
-4.947046e+00
-4.943171e+00
-4.747696e+00
-4.073128e+00
-2.994423e+00
-2.381858e+00
-2.078917e+00
-1.305261e+00
-4.764238e-01
3.285652e-01
1.286109e+00
2.533893e+00
3.833140e+00
4.872520e+00
5.731410e+00
6.248299e+00
6.395635e+00
6.402139e+00
6.344536e+00
6.096753e+00
5.416016e+00
4.294409e+00
3.252914e+00
2.390790e+00
1.397336e+00
3.286671e-01
-7.715415e-01
-1.944829e+00
-3.207007e+00
-4.399523e+00
-5.402297e+00
-6.240303e+00
-6.879683e+00
-7.309143e+00
-7.527248e+00
-7.516106e+00
-7.243506e+00
-6.690203e+00
-5.834849e+00
-4.692277e+00
-3.384170e+00
-1.999128e+00
-6.019691e-01
7.828983e-01
2.226226e+00
3.804390e+00
5.363129e+00
6.677928e+00
7.763380e+00
8.602829e+00
9.178844e+00
9.482340e+00
9.491853e+00
9.171140e+00
8.505041e+00
7.509517e+00
6.206195e+00
4.644011e+00
2.898286e+00
1.053425e+00
-8.290910e-01
-2.733227e+00
-4.640244e+00
-6.470297e+00
-8.134271e+00
-9.560444e+00
-1.068902e+01
-1.147473e+01
-1.188585e+01
-1.190305e+01
-1.151450e+01
-1.071572e+01
-9.522952e+00
-7.970294e+00
-6.098537e+00
-3.961653e+00
-1.653299e+00
7.121130e-01
3.098260e+00
5.512229e+00
7.854466e+00
9.997956e+00
1.184127e+01
1.329053e+01
1.424965e+01
1.460275e+01
1.417546e+01
1.272956e+01
1.022990e+01
7.304646e+00
4.715321e+00
2.535438e+00
5.753561e-01
-1.303075e+00
-3.158477e+00
-4.974268e+00
-6.683478e+00
-8.230564e+00
-9.559098e+00
-1.058748e+01
-1.127023e+01
-1.158013e+01
-1.148020e+01
-1.093958e+01
-9.980418e+00
-8.697087e+00
-7.141177e+00
-5.297050e+00
-3.197137e+00
-9.381883e-01
1.388188e+00
3.724229e+00
5.996994e+00
8.119314e+00
1.006285e+01
1.175893e+01
1.305157e+01
1.381269e+01
1.391093e+01
1.319219e+01
1.158302e+01
9.314749e+00
6.897796e+00
4.658828e+00
2.605369e+00
6.494281e-01
-1.276611e+00
-3.193215e+00
-5.074039e+00
-6.850553e+00
-8.445990e+00
-9.805787e+00
-1.086893e+01
-1.157141e+01
-1.185649e+01
-1.166664e+01
-1.098008e+01
-9.886166e+00
-8.532117e+00
-6.951585e+00
-5.118845e+00
-3.059551e+00
-8.462888e-01
1.444820e+00
3.746314e+00
6.001150e+00
8.175575e+00
1.019468e+01
1.190638e+01
1.315004e+01
1.377200e+01
1.360705e+01
1.253896e+01
1.068556e+01
8.459544e+00
6.237566e+00
4.141942e+00
2.179293e+00
3.368691e-01
-1.409092e+00
-3.100055e+00
-4.778923e+00
-6.441090e+00
-8.017358e+00
-9.385465e+00
-1.041900e+01
-1.104613e+01
-1.122951e+01
-1.092934e+01
-1.014951e+01
-9.017965e+00
-7.675253e+00
-6.144776e+00
-4.400911e+00
-2.459160e+00
-3.955985e-01
1.690647e+00
3.722632e+00
5.699824e+00
7.685350e+00
9.617168e+00
1.126839e+01
1.242931e+01
1.297925e+01
1.286265e+01
1.211730e+01
1.088184e+01
9.287152e+00
7.421592e+00
5.396567e+00
3.336345e+00
1.307403e+00
-6.884111e-01
-2.675989e+00
-4.665846e+00
-6.609159e+00
-8.411957e+00
-9.968877e+00
-1.118422e+01
-1.198760e+01
-1.232765e+01
-1.217048e+01
-1.153292e+01
-1.049755e+01
-9.165977e+00
-7.599575e+00
-5.803768e+00
-3.779525e+00
-1.577843e+00
7.185404e-01
3.058171e+00
5.437711e+00
7.810487e+00
1.003231e+01
1.191102e+01
1.326194e+01
1.391016e+01
1.367502e+01
1.244825e+01
1.041774e+01
8.107434e+00
5.874724e+00
3.778283e+00
1.867223e+00
1.880679e-01
-1.285362e+00
-2.646814e+00
-4.018532e+00
-5.509391e+00
-7.085993e+00
-8.513862e+00
-9.567230e+00
-1.017943e+01
-1.037538e+01
-1.014251e+01
-9.447406e+00
-8.378148e+00
-7.092235e+00
-5.644524e+00
-4.003130e+00
-2.174177e+00
-2.589664e-01
1.614044e+00
3.349963e+00
4.952200e+00
6.632087e+00
8.486662e+00
1.019910e+01
1.143364e+01
1.209285e+01
1.220532e+01
1.185709e+01
1.116155e+01
1.014066e+01
8.730926e+00
6.936248e+00
4.867392e+00
2.651830e+00
3.801784e-01
-1.880486e+00
-4.099215e+00
-6.273438e+00
-8.371344e+00
-1.026408e+01
-1.181596e+01
-1.295964e+01
-1.366266e+01
-1.390485e+01
-1.367589e+01
-1.297390e+01
-1.181961e+01
-1.026059e+01
-8.345319e+00
-6.106573e+00
-3.580931e+00
-8.468379e-01
1.966962e+00
4.760616e+00
7.511489e+00
1.015439e+01
1.251003e+01
1.439521e+01
1.561196e+01
1.577692e+01
1.409145e+01
9.959205e+00
5.740300e+00
3.179254e+00
1.438360e+00
2.032172e-01
-7.722318e-01
-1.621855e+00
-2.315962e+00
-2.829728e+00
-3.454608e+00
-4.432815e+00
-5.479903e+00
-6.095987e+00
-6.343302e+00
-6.484612e+00
-6.604530e+00
-6.426250e+00
-5.607921e+00
-4.616440e+00
-3.544712e+00
-2.262419e+00
-8.260992e-01
5.746625e-01
1.836183e+00
2.972969e+00
3.873697e+00
4.430044e+00
5.448957e+00
6.745279e+00
7.568166e+00
7.943125e+00
8.089711e+00
8.096123e+00
7.887819e+00
7.301094e+00
6.314852e+00
5.012427e+00
3.466144e+00
1.740751e+00
-4.731023e-02
-1.797513e+00
-3.482574e+00
-5.122496e+00
-6.737049e+00
-8.293428e+00
-9.647168e+00
-1.074402e+01
-1.156890e+01
-1.208002e+01
-1.222634e+01
-1.196354e+01
-1.124613e+01
-1.009148e+01
-8.463175e+00
-6.246217e+00
-3.426258e+00
-4.479680e-01
1.961761e+00
4.018882e+00
6.126456e+00
8.270735e+00
1.037154e+01
1.221064e+01
1.366482e+01
1.449068e+01
1.431466e+01
1.272467e+01
9.754029e+00
6.746733e+00
4.553002e+00
2.813575e+00
1.192294e+00
-5.204241e-01
-2.272610e+00
-3.765069e+00
-4.837127e+00
-5.778238e+00
-6.819008e+00
-7.884581e+00
-8.799663e+00
-9.378483e+00
-9.414637e+00
-8.955577e+00
-8.199072e+00
-7.183996e+00
-5.961516e+00
-4.570860e+00
-3.033690e+00
-1.366151e+00
4.496124e-01
2.361305e+00
4.203339e+00
5.808213e+00
7.131446e+00
8.429331e+00
9.694066e+00
1.070132e+01
1.126705e+01
1.130682e+01
1.087594e+01
1.009186e+01
9.017239e+00
7.633804e+00
5.939459e+00
3.996156e+00
1.897823e+00
-3.044854e-01
-2.575176e+00
-4.815222e+00
-6.932920e+00
-8.883122e+00
-1.060975e+01
-1.201128e+01
-1.301514e+01
-1.359370e+01
-1.373202e+01
-1.341514e+01
-1.263402e+01
-1.139161e+01
-9.723010e+00
-7.680731e+00
-5.324685e+00
-2.737020e+00
-2.362751e-03
2.835566e+00
5.678001e+00
8.392785e+00
1.090739e+01
1.312110e+01
1.489786e+01
1.609843e+01
1.647165e+01
1.539823e+01
1.183900e+01
6.616035e+00
3.234758e+00
1.315221e+00
1.204174e-02
-1.081383e+00
-2.124858e+00
-3.142373e+00
-4.083396e+00
-4.976665e+00
-5.759120e+00
-6.329757e+00
-6.618534e+00
-6.675962e+00
-6.563774e+00
-6.266004e+00
-5.717613e+00
-4.915073e+00
-3.955522e+00
-2.817650e+00
-1.548402e+00
-2.086487e-01
1.147943e+00
2.508749e+00
3.835420e+00
5.045328e+00
6.116432e+00
7.111197e+00
7.891066e+00
8.336945e+00
8.480686e+00
8.364981e+00
7.989805e+00
7.334791e+00
6.391110e+00
5.202599e+00
3.798559e+00
2.225268e+00
5.416099e-01
-1.192444e+00
-2.930742e+00
-4.626255e+00
-6.222709e+00
-7.662216e+00
-8.882991e+00
-9.825618e+00
-1.045955e+01
-1.076251e+01
-1.071130e+01
-1.028888e+01
-9.493431e+00
-8.338805e+00
-6.852756e+00
-5.085520e+00
-3.105338e+00
-9.881287e-01
1.191912e+00
3.383894e+00
5.541340e+00
7.592958e+00
9.454670e+00
1.103977e+01
1.226786e+01
1.307253e+01
1.338071e+01
1.310872e+01
1.218177e+01
1.060769e+01
8.575675e+00
6.388780e+00
4.222474e+00
2.070070e+00
-1.265565e-01
-2.383693e+00
-4.650049e+00
-6.817605e+00
-8.770437e+00
-1.043831e+01
-1.178756e+01
-1.278898e+01
-1.340018e+01
-1.356256e+01
-1.322325e+01
-1.237989e+01
-1.110283e+01
-9.473206e+00
-7.520341e+00
-5.264731e+00
-2.768731e+00
-1.136552e-01
2.638057e+00
5.420669e+00
8.127939e+00
1.062611e+01
1.279478e+01
1.452837e+01
1.567356e+01
1.590981e+01
1.457758e+01
1.097917e+01
6.538835e+00
3.606718e+00
1.688466e+00
2.680540e-01
-9.166388e-01
-1.975451e+00
-2.923175e+00
-3.764685e+00
-4.669249e+00
-5.695153e+00
-6.592798e+00
-7.118112e+00
-7.315010e+00
-7.307907e+00
-7.146156e+00
-6.701802e+00
-5.795366e+00
-4.692455e+00
-3.477905e+00
-2.105538e+00
-6.266288e-01
8.661277e-01
2.310890e+00
3.670700e+00
4.859138e+00
5.839149e+00
6.995541e+00
8.121499e+00
8.844211e+00
9.169818e+00
9.186697e+00
8.942347e+00
8.427641e+00
7.570183e+00
6.359434e+00
4.862299e+00
3.148285e+00
1.289667e+00
-6.301180e-01
-2.538684e+00
-4.395755e+00
-6.191408e+00
-7.901868e+00
-9.442980e+00
-1.070105e+01
-1.163107e+01
-1.221261e+01
-1.242215e+01
-1.223481e+01
-1.162753e+01
-1.058218e+01
-9.096441e+00
-7.163733e+00
-4.812108e+00
-2.189165e+00
4.244942e-01
2.862661e+00
5.207320e+00
7.524158e+00
9.765357e+00
1.179070e+01
1.344937e+01
1.461460e+01
1.509490e+01
1.456427e+01
1.256777e+01
9.198612e+00
5.953101e+00
3.601648e+00
1.741161e+00
3.979218e-02
-1.637112e+00
-3.252900e+00
-4.679180e+00
-5.868184e+00
-6.971793e+00
-8.013633e+00
-8.874800e+00
-9.455960e+00
-9.672590e+00
-9.470557e+00
-8.890233e+00
-8.012759e+00
-6.862931e+00
-5.480703e+00
-3.893164e+00
-2.137949e+00
-2.622093e-01
1.699665e+00
3.675629e+00
5.542494e+00
7.179730e+00
8.615810e+00
9.929773e+00
1.098480e+01
1.164485e+01
1.183128e+01
1.152505e+01
1.076751e+01
9.634906e+00
8.191632e+00
6.485612e+00
4.564269e+00
2.478201e+00
2.743445e-01
-2.008068e+00
-4.301252e+00
-6.497335e+00
-8.502604e+00
-1.025439e+01
-1.169263e+01
-1.275856e+01
-1.340680e+01
-1.360184e+01
-1.332006e+01
-1.256227e+01
-1.135922e+01
-9.766417e+00
-7.849262e+00
-5.665308e+00
-3.256372e+00
-6.517967e-01
2.120522e+00
4.982802e+00
7.771136e+00
1.033366e+01
1.256848e+01
1.437056e+01
1.560071e+01
1.600298e+01
1.502238e+01
1.185955e+01
7.264196e+00
3.962597e+00
1.881967e+00
3.991487e-01
-7.760854e-01
-1.803702e+00
-2.752960e+00
-3.627186e+00
-4.540240e+00
-5.566141e+00
-6.472016e+00
-7.009179e+00
-7.190590e+00
-7.177026e+00
-7.051146e+00
-6.687468e+00
-5.845537e+00
-4.758049e+00
-3.572424e+00
-2.232678e+00
-7.747967e-01
6.939702e-01
2.105187e+00
3.449903e+00
4.672843e+00
5.689647e+00
6.828979e+00
7.966846e+00
8.712094e+00
9.041928e+00
9.070079e+00
8.858622e+00
8.391424e+00
7.582831e+00
6.413821e+00
4.957541e+00
3.283522e+00
1.459243e+00
-4.302404e-01
-2.309696e+00
-4.142397e+00
-5.921901e+00
-7.618961e+00
-9.152916e+00
-1.041025e+01
-1.134351e+01
-1.193618e+01
-1.216462e+01
-1.200140e+01
-1.142446e+01
-1.042065e+01
-8.990187e+00
-7.134419e+00
-4.886391e+00
-2.370809e+00
1.752924e-01
2.580336e+00
4.892275e+00
7.179887e+00
9.393458e+00
1.139926e+01
1.304839e+01
1.422647e+01
1.477175e+01
1.442281e+01
1.282394e+01
9.945958e+00
6.820411e+00
4.352877e+00
2.372033e+00
5.748246e-01
-1.189979e+00
-2.917142e+00
-4.498881e+00
