#average forcast error= 3.433869e-01
#individual forecast errors: 3.433869e-01 
# 2.303067e+00 
# -2.016940e+00 
# 8.045408e-01 
# -3.259203e-02 
# -1.497622e-01 
# 8.566623e-02 
# -3.649850e-02 
# -2.471789e-02 
# 8.821165e-02 
# -8.512512e-02 
-5.686144e-01 
-6.709671e-01 
-3.530683e-02 
1.013214e+00 
1.825935e+00 
2.743868e+00 
3.344919e+00 
3.440347e+00 
2.871043e+00 
1.921340e+00 
1.292605e+00 
1.138027e+00 
1.845753e+00 
2.147362e+00 
2.209476e+00 
2.219666e+00 
2.580721e+00 
2.892885e+00 
2.706750e+00 
1.739865e+00 
5.626843e-01 
-7.759955e-01 
-1.956994e+00 
-2.641311e+00 
-2.569072e+00 
-1.322931e+00 
4.402274e-01 
1.778522e+00 
2.700978e+00 
2.842909e+00 
3.082992e+00 
2.883168e+00 
3.001322e+00 
3.220116e+00 
3.770031e+00 
4.427824e+00 
4.893365e+00 
5.257115e+00 
5.219424e+00 
4.884873e+00 
4.017693e+00 
3.001037e+00 
1.418541e+00 
-2.888489e-01 
-1.643850e+00 
-2.387709e+00 
-3.414187e+00 
-3.711494e+00 
-3.084886e+00 
-1.891749e+00 
-1.270379e+00 
-9.053537e-01 
-9.134601e-01 
-5.532508e-01 
-8.422309e-02 
-3.127122e-01 
-6.740226e-01 
-5.210849e-01 
-7.624319e-02 
2.299351e-01 
7.433713e-02 
-2.184274e-01 
-3.328816e-01 
-7.890807e-01 
-1.485186e+00 
-2.220702e+00 
-3.020589e+00 
-3.516020e+00 
-4.092509e+00 
-3.823777e+00 
-3.060511e+00 
-2.281262e+00 
-2.197281e+00 
-2.717268e+00 
-2.532585e+00 
-1.556257e+00 
6.197947e-01 
2.642410e+00 
4.295216e+00 
5.856639e+00 
7.525489e+00 
8.353978e+00 
8.254105e+00 
7.647665e+00 
6.987541e+00 
6.786768e+00 
6.878261e+00 
6.612664e+00 
6.046532e+00 
5.149691e+00 
4.376669e+00 
3.455729e+00 
2.523676e+00 
1.321390e+00 
2.652943e-01 
-4.905377e-01 
-8.402589e-01 
-4.383820e-01 
1.222013e-01 
8.214447e-01 
1.403420e+00 
1.301092e+00 
1.226833e+00 
1.000913e+00 
4.594336e-01 
1.894662e-01 
3.921304e-01 
1.378726e+00 
2.454013e+00 
3.613316e+00 
4.389301e+00 
5.336497e+00 
5.592637e+00 
5.121497e+00 
4.396454e+00 
3.303847e+00 
2.599688e+00 
2.098370e+00 
1.391383e+00 
9.028736e-01 
5.958802e-01 
3.230926e-02 
-1.376787e+00 
-3.248668e+00 
-4.987913e+00 
-6.586169e+00 
-7.951193e+00 
-8.770748e+00 
-8.845791e+00 
-8.378663e+00 
-7.551121e+00 
-6.442669e+00 
-4.769259e+00 
-2.804394e+00 
-9.160603e-01 
7.593556e-01 
2.170172e+00 
3.016517e+00 
3.381815e+00 
3.402896e+00 
3.243893e+00 
3.042420e+00 
2.944308e+00 
2.857539e+00 
2.438592e+00 
2.138060e+00 
1.922439e+00 
2.087822e+00 
2.134498e+00 
2.269462e+00 
2.310795e+00 
2.461421e+00 
2.312259e+00 
1.451878e+00 
7.532145e-01 
3.497922e-01 
-8.828878e-02 
-8.891626e-01 
-1.560960e+00 
-2.053425e+00 
-1.723451e+00 
-8.084982e-01 
-8.139674e-01 
-1.911194e+00 
-3.627214e+00 
-4.984159e+00 
-5.260199e+00 
-4.928183e+00 
-3.963863e+00 
-3.148403e+00 
-1.961199e+00 
-1.092706e-01 
1.327639e+00 
2.451609e+00 
3.112878e+00 
3.846036e+00 
4.036236e+00 
4.164909e+00 
4.251500e+00 
4.724782e+00 
5.785168e+00 
6.452344e+00 
6.454309e+00 
6.018702e+00 
5.497588e+00 
4.260162e+00 
2.418516e+00 
7.376354e-01 
-4.830596e-01 
-1.670219e+00 
-2.831899e+00 
-4.159940e+00 
-5.244541e+00 
-5.185127e+00 
-5.003327e+00 
-5.504813e+00 
-5.841666e+00 
-5.804271e+00 
-5.811359e+00 
-5.657234e+00 
-5.023874e+00 
-3.442688e+00 
-1.437682e+00 
5.258966e-01 
2.754477e+00 
4.774144e+00 
6.770788e+00 
8.974385e+00 
1.112942e+01 
1.329138e+01 
1.505368e+01 
1.559119e+01 
1.447574e+01 
1.241437e+01 
9.649419e+00 
6.690565e+00 
4.429629e+00 
2.760698e+00 
6.381626e-01 
-1.478612e+00 
-3.441042e+00 
-5.534063e+00 
-7.621494e+00 
-1.021496e+01 
-1.263987e+01 
-1.370159e+01 
-1.424234e+01 
-1.378703e+01 
-1.240216e+01 
-1.009740e+01 
-7.511873e+00 
-5.487823e+00 
-3.503204e+00 
-1.596716e+00 
9.272898e-01 
3.265668e+00 
4.990849e+00 
6.462514e+00 
7.387193e+00 
8.547492e+00 
9.990197e+00 
1.103672e+01 
1.165332e+01 
1.174887e+01 
1.082205e+01 
9.566508e+00 
8.109108e+00 
6.934770e+00 
5.638008e+00 
4.172590e+00 
2.808825e+00 
1.406313e+00 
-6.918038e-01 
-3.153342e+00 
-5.731877e+00 
-7.998044e+00 
-9.158830e+00 
-1.001866e+01 
-1.090613e+01 
-1.097666e+01 
-9.974514e+00 
-8.221739e+00 
-6.400715e+00 
-4.610814e+00 
-2.565574e+00 
-3.067493e-01 
1.858117e+00 
3.075456e+00 
3.394100e+00 
3.295962e+00 
3.504559e+00 
4.308587e+00 
5.823164e+00 
7.183066e+00 
8.115001e+00 
8.650465e+00 
8.817192e+00 
8.520815e+00 
7.843008e+00 
6.865232e+00 
5.333320e+00 
4.221143e+00 
3.683856e+00 
3.542984e+00 
3.281725e+00 
2.666811e+00 
1.096370e+00 
-3.548057e-01 
-1.730961e+00 
-2.978703e+00 
-3.400713e+00 
-3.313726e+00 
-2.759767e+00 
-1.859880e+00 
-1.014947e+00 
-3.565446e-01 
-8.691594e-02 
-1.089422e-01 
-2.649664e-01 
1.269693e-01 
7.234936e-01 
1.185315e+00 
5.464685e-01 
-1.757282e-01 
-4.035369e-01 
-9.024157e-01 
-1.562957e+00 
-1.601283e+00 
-7.929491e-01 
3.735830e-01 
1.634487e+00 
2.100672e+00 
1.887826e+00 
1.437193e+00 
7.478917e-01 
-2.714573e-01 
-1.188113e+00 
-1.850261e+00 
-2.692925e+00 
-3.357267e+00 
-3.932444e+00 
-4.551733e+00 
-5.120413e+00 
-4.973322e+00 
-4.383511e+00 
-3.817630e+00 
-3.665233e+00 
-3.719843e+00 
-3.164686e+00 
-1.671699e+00 
7.340493e-01 
2.915791e+00 
4.044370e+00 
4.753220e+00 
5.468688e+00 
6.615286e+00 
7.780177e+00 
7.816511e+00 
7.398018e+00 
7.253725e+00 
7.880076e+00 
8.210915e+00 
7.686239e+00 
5.804144e+00 
3.008426e+00 
6.541221e-01 
-9.843771e-01 
-2.147232e+00 
-2.824968e+00 
-3.559266e+00 
-3.801901e+00 
-3.742425e+00 
-3.332100e+00 
-2.552340e+00 
-2.349146e+00 
-2.868780e+00 
-3.445024e+00 
-4.303863e+00 
-4.803239e+00 
-4.047006e+00 
-2.944739e+00 
-1.465757e+00 
-1.544489e-02 
8.619598e-01 
1.628439e+00 
2.218306e+00 
2.443513e+00 
2.320600e+00 
2.410970e+00 
2.305273e+00 
1.757878e+00 
6.960401e-01 
-4.802999e-02 
-2.921705e-01 
5.789576e-01 
1.847573e+00 
2.503653e+00 
2.571350e+00 
2.740643e+00 
2.690441e+00 
2.305280e+00 
2.082058e+00 
2.485966e+00 
2.792157e+00 
2.315880e+00 
1.691324e+00 
1.247818e+00 
1.643411e+00 
2.676707e+00 
3.960784e+00 
5.623516e+00 
7.489604e+00 
8.742085e+00 
9.157539e+00 
8.740032e+00 
8.464786e+00 
7.782425e+00 
6.869092e+00 
5.330946e+00 
3.590682e+00 
2.076948e+00 
1.044009e+00 
9.344892e-01 
8.414879e-01 
5.332422e-01 
-2.217963e-01 
-1.773108e+00 
-3.471807e+00 
-4.585559e+00 
-5.497712e+00 
-6.384729e+00 
-7.205309e+00 
-7.817887e+00 
-7.839457e+00 
-6.954413e+00 
-5.414195e+00 
-3.743980e+00 
-2.132369e+00 
-1.200103e-01 
1.884089e+00 
3.276541e+00 
4.237788e+00 
4.469752e+00 
4.302849e+00 
4.852856e+00 
5.943500e+00 
7.266341e+00 
7.928862e+00 
7.355790e+00 
6.108572e+00 
4.830448e+00 
3.911343e+00 
2.655295e+00 
1.559067e+00 
3.061140e-01 
-7.824549e-01 
-1.796042e+00 
-2.764180e+00 
-3.873651e+00 
-4.676411e+00 
-5.228066e+00 
-5.613290e+00 
-5.519465e+00 
-4.990974e+00 
-4.183668e+00 
-4.156308e+00 
-4.284266e+00 
-4.541102e+00 
-4.846185e+00 
-5.085031e+00 
-4.622091e+00 
-3.979007e+00 
-3.576891e+00 
-2.875677e+00 
-1.418603e+00 
4.452954e-01 
1.946595e+00 
2.808135e+00 
3.433620e+00 
4.053020e+00 
4.268560e+00 
3.516781e+00 
2.135211e+00 
3.805276e-01 
-1.212781e+00 
-2.351269e+00 
-2.629139e+00 
-2.531997e+00 
-2.132643e+00 
-2.038462e+00 
-2.527104e+00 
-2.813733e+00 
-3.128756e+00 
-3.622414e+00 
-3.411642e+00 
-2.927503e+00 
-2.175106e+00 
-1.003679e+00 
9.110590e-01 
2.724469e+00 
4.295127e+00 
5.107068e+00 
5.885642e+00 
6.625089e+00 
7.123974e+00 
7.080577e+00 
6.495631e+00 
5.107358e+00 
3.262312e+00 
1.562854e+00 
-3.862814e-01 
-2.687580e+00 
-5.005698e+00 
-6.629979e+00 
-7.963994e+00 
-8.821499e+00 
-9.560825e+00 
-1.057839e+01 
-1.134467e+01 
-1.174645e+01 
-1.124935e+01 
-9.638396e+00 
-7.511192e+00 
-5.037998e+00 
-2.334303e+00 
2.353797e-01 
2.130504e+00 
4.056633e+00 
5.665554e+00 
6.869207e+00 
7.599303e+00 
8.179163e+00 
8.760725e+00 
9.185090e+00 
9.496263e+00 
9.291168e+00 
8.055609e+00 
6.210270e+00 
4.890214e+00 
4.207445e+00 
3.484158e+00 
2.164267e+00 
6.197193e-01 
-6.890434e-01 
-1.574195e+00 
-2.310946e+00 
-3.637116e+00 
-4.735859e+00 
-5.505485e+00 
-6.416274e+00 
-7.439532e+00 
-8.749507e+00 
-1.016966e+01 
-1.087668e+01 
-1.059336e+01 
-9.643855e+00 
-7.890663e+00 
-5.676687e+00 
-3.332963e+00 
-1.249818e+00 
6.200393e-01 
2.196197e+00 
3.541166e+00 
4.574041e+00 
5.329672e+00 
5.785490e+00 
6.459070e+00 
7.127180e+00 
7.491823e+00 
6.705528e+00 
5.240215e+00 
3.287577e+00 
1.738907e+00 
5.686331e-01 
-7.928744e-01 
-2.353877e+00 
-4.122739e+00 
-6.033388e+00 
-7.472335e+00 
-8.143841e+00 
-8.747672e+00 
-9.636695e+00 
-1.026567e+01 
-1.068503e+01 
-1.031763e+01 
-9.182788e+00 
-7.807363e+00 
-6.476676e+00 
-4.965288e+00 
-3.068806e+00 
-9.049251e-01 
1.433826e+00 
4.057647e+00 
6.403471e+00 
7.986035e+00 
8.971048e+00 
9.683776e+00 
1.033457e+01 
1.069834e+01 
1.046019e+01 
9.627152e+00 
8.238713e+00 
7.017717e+00 
5.583719e+00 
3.868128e+00 
2.058768e+00 
1.113362e-01 
-1.867612e+00 
-4.158137e+00 
-6.519138e+00 
-8.941652e+00 
-1.124446e+01 
-1.223144e+01 
-1.250150e+01 
-1.243900e+01 
-1.213628e+01 
-1.120142e+01 
-1.026500e+01 
-8.712621e+00 
-6.883621e+00 
-4.172127e+00 
-9.698560e-01 
2.198243e+00 
5.193282e+00 
8.113538e+00 
1.040177e+01 
1.194743e+01 
1.311309e+01 
1.430077e+01 
1.528226e+01 
1.587107e+01 
1.589742e+01 
1.478053e+01 
1.280383e+01 
1.007451e+01 
6.980656e+00 
3.798226e+00 
5.212976e-01 
-2.578746e+00 
-5.273004e+00 
-7.659250e+00 
-9.781297e+00 
-1.159700e+01 
-1.281682e+01 
-1.452231e+01 
-1.593098e+01 
-1.680896e+01 
-1.728919e+01 
-1.691525e+01 
-1.565986e+01 
-1.324949e+01 
-1.029726e+01 
-6.391798e+00 
-2.505407e+00 
9.754014e-01 
3.597752e+00 
5.859763e+00 
8.324817e+00 
1.117360e+01 
1.364273e+01 
1.506311e+01 
1.552588e+01 
1.519365e+01 
1.379807e+01 
1.208556e+01 
1.014345e+01 
7.388574e+00 
4.522012e+00 
2.031552e+00 
-4.702209e-01 
-3.463925e+00 
-6.381865e+00 
-9.394259e+00 
-1.174521e+01 
-1.362577e+01 
-1.514435e+01 
-1.564613e+01 
-1.488804e+01 
-1.292045e+01 
-1.032059e+01 
-8.231361e+00 
-6.738740e+00 
-4.743003e+00 
-1.498225e+00 
2.271343e+00 
6.579849e+00 
1.043229e+01 
1.393421e+01 
1.629211e+01 
1.705693e+01 
1.683490e+01 
1.587148e+01 
1.502615e+01 
1.412358e+01 
1.261565e+01 
1.014769e+01 
7.046809e+00 
4.203380e+00 
1.659526e+00 
-1.075027e+00 
-3.945091e+00 
-6.808448e+00 
-9.074268e+00 
-1.026992e+01 
-1.059520e+01 
-1.081946e+01 
-1.090559e+01 
-1.087329e+01 
-1.035047e+01 
-1.015361e+01 
-1.039480e+01 
-9.742994e+00 
-8.389066e+00 
-6.651903e+00 
-4.590011e+00 
-2.091581e+00 
3.920430e-01 
2.506012e+00 
3.939535e+00 
4.500728e+00 
4.766600e+00 
5.584276e+00 
6.713324e+00 
7.573535e+00 
8.238870e+00 
8.068483e+00 
7.314615e+00 
6.162461e+00 
4.527901e+00 
3.135537e+00 
2.028500e+00 
1.239314e+00 
-2.787361e-01 
-1.997618e+00 
-4.390045e+00 
-7.158148e+00 
-1.022497e+01 
-1.313268e+01 
-1.505037e+01 
-1.636348e+01 
-1.701175e+01 
-1.666935e+01 
-1.486584e+01 
-1.262507e+01 
-9.904313e+00 
-6.825656e+00 
-3.464645e+00 
-1.210276e-02 
3.780937e+00 
7.255087e+00 
1.008338e+01 
1.202759e+01 
1.371922e+01 
1.540748e+01 
1.689557e+01 
1.826936e+01 
1.867936e+01 
1.770066e+01 
1.530627e+01 
1.218064e+01 
8.698162e+00 
4.996318e+00 
1.263400e+00 
-2.360423e+00 
-5.763673e+00 
-9.031672e+00 
-1.206304e+01 
-1.436046e+01 
-1.591272e+01 
-1.609827e+01 
-1.549839e+01 
-1.428010e+01 
-1.297636e+01 
-1.136040e+01 
-9.506394e+00 
-7.231433e+00 
-5.298646e+00 
-4.124325e+00 
-2.558651e+00 
-8.407676e-02 
2.927932e+00 
6.719359e+00 
1.046759e+01 
1.315447e+01 
1.472934e+01 
1.551507e+01 
1.640157e+01 
1.682322e+01 
1.664179e+01 
1.556415e+01 
1.344018e+01 
1.031774e+01 
7.378204e+00 
4.610122e+00 
1.218256e+00 
-2.256609e+00 
-4.948831e+00 
-7.076659e+00 
-8.198104e+00 
-9.475874e+00 
-1.105601e+01 
-1.242368e+01 
-1.238319e+01 
-1.192572e+01 
-1.115759e+01 
-9.963639e+00 
-8.706433e+00 
-7.183617e+00 
-4.984183e+00 
-2.514448e+00 
3.376794e-02 
2.489801e+00 
4.917277e+00 
7.055583e+00 
9.058751e+00 
1.097901e+01 
1.253071e+01 
1.341330e+01 
1.311398e+01 
1.189565e+01 
9.962870e+00 
7.265347e+00 
3.324194e+00 
-6.962590e-01 
-4.276479e+00 
-7.519875e+00 
-1.031411e+01 
-1.218223e+01 
-1.331983e+01 
-1.404621e+01 
-1.479858e+01 
-1.501781e+01 
-1.459589e+01 
-1.402023e+01 
-1.302520e+01 
-1.153864e+01 
-9.250198e+00 
-6.582233e+00 
-3.318766e+00 
3.962553e-01 
4.064598e+00 
7.464179e+00 
1.026689e+01 
1.201217e+01 
1.274316e+01 
1.355646e+01 
1.379707e+01 
1.325340e+01 
1.213212e+01 
1.132072e+01 
9.980434e+00 
7.882882e+00 
5.360541e+00 
1.957565e+00 
-2.100455e+00 
-5.780440e+00 
-8.716787e+00 
-1.148545e+01 
-1.342859e+01 
-1.482804e+01 
-1.532360e+01 
-1.525595e+01 
-1.517811e+01 
-1.470489e+01 
-1.368920e+01 
-1.189524e+01 
-8.986506e+00 
-5.111828e+00 
-8.505236e-01 
3.555268e+00 
7.868668e+00 
1.146507e+01 
1.431256e+01 
1.637314e+01 
1.758119e+01 
1.861648e+01 
1.938624e+01 
1.971678e+01 
1.871122e+01 
1.703393e+01 
1.491794e+01 
1.189593e+01 
8.227390e+00 
4.244748e+00 
4.267704e-01 
-3.328393e+00 
-6.899676e+00 
-1.033590e+01 
-1.364069e+01 
-1.688783e+01 
-1.913110e+01 
-2.059724e+01 
-2.121213e+01 
-2.117691e+01 
-2.007487e+01 
-1.781231e+01 
-1.508451e+01 
-1.171283e+01 
-8.295474e+00 
-4.642030e+00 
-7.181085e-01 
3.500941e+00 
7.547902e+00 
1.120767e+01 
1.381784e+01 
1.573405e+01 
1.691292e+01 
1.787470e+01 
1.843995e+01 
1.831251e+01 
1.777856e+01 
1.712056e+01 
1.548484e+01 
1.276706e+01 
9.584959e+00 
5.880644e+00 
1.798804e+00 
-2.648458e+00 
-6.808294e+00 
-9.727471e+00 
-1.184415e+01 
-1.352778e+01 
-1.472919e+01 
-1.588334e+01 
-1.666635e+01 
-1.680125e+01 
-1.613399e+01 
-1.460300e+01 
-1.244654e+01 
-1.004709e+01 
-7.479361e+00 
-4.153816e+00 
-1.637512e-01 
4.086111e+00 
7.931173e+00 
1.176607e+01 
1.517965e+01 
1.826900e+01 
2.064541e+01 
2.271424e+01 
2.383905e+01 
2.398685e+01 
2.308051e+01 
2.153864e+01 
1.961489e+01 
1.665497e+01 
1.272376e+01 
8.193511e+00 
3.510918e+00 
-1.536901e+00 
-6.425306e+00 
-1.134242e+01 
-1.627944e+01 
-2.087972e+01 
-2.417644e+01 
-2.568083e+01 
-2.538957e+01 
-2.473753e+01 
-2.289004e+01 
-2.014340e+01 
-1.726099e+01 
-1.432023e+01 
-1.069006e+01 
-5.914113e+00 
2.276759e-01 
6.403844e+00 
1.161031e+01 
1.548261e+01 
1.807066e+01 
1.985737e+01 
2.069687e+01 
2.133808e+01 
2.198214e+01 
2.215717e+01 
2.126439e+01 
1.932391e+01 
1.639574e+01 
1.302829e+01 
9.219547e+00 
5.485475e+00 
1.512996e+00 
-2.394680e+00 
-6.423324e+00 
-1.039320e+01 
-1.387954e+01 
-1.631387e+01 
-1.791539e+01 
-1.871277e+01 
-1.857091e+01 
-1.810926e+01 
-1.687362e+01 
-1.488275e+01 
-1.256728e+01 
-1.011581e+01 
-7.280397e+00 
-4.289724e+00 
-8.133524e-01 
2.848909e+00 
6.648823e+00 
1.034838e+01 
1.330651e+01 
1.550441e+01 
1.730607e+01 
1.892383e+01 
1.973098e+01 
2.000800e+01 
1.966626e+01 
1.865693e+01 
1.700935e+01 
1.519849e+01 
1.264747e+01 
9.383185e+00 
5.677065e+00 
2.347277e+00 
-7.986950e-01 
-4.206226e+00 
-7.778032e+00 
-1.060282e+01 
-1.273361e+01 
-1.387002e+01 
-1.444963e+01 
-1.457988e+01 
-1.473717e+01 
-1.479703e+01 
-1.425549e+01 
-1.296562e+01 
-1.034955e+01 
-7.409897e+00 
-3.867020e+00 
-2.860734e-01 
3.136841e+00 
6.544877e+00 
9.015289e+00 
1.079448e+01 
1.160192e+01 
1.190007e+01 
1.161412e+01 
1.137673e+01 
1.081468e+01 
1.006913e+01 
8.941682e+00 
6.748831e+00 
3.786970e+00 
1.014342e+00 
-1.202045e+00 
-3.127716e+00 
-5.451935e+00 
-8.041585e+00 
-1.015051e+01 
-1.170821e+01 
-1.218369e+01 
-1.198411e+01 
-1.175498e+01 
-1.134156e+01 
-1.075121e+01 
-9.943549e+00 
-9.367039e+00 
-8.604661e+00 
-7.846050e+00 
-6.698422e+00 
-5.180060e+00 
-2.741720e+00 
-5.327134e-01 
2.367814e+00 
5.723105e+00 
8.864226e+00 
1.157267e+01 
1.364574e+01 
1.595626e+01 
1.791049e+01 
1.882491e+01 
1.829459e+01 
1.705257e+01 
1.565598e+01 
1.365919e+01 
1.126769e+01 
8.407217e+00 
5.623524e+00 
3.655387e+00 
2.055935e+00 
2.983510e-01 
-1.471806e+00 
-2.978331e+00 
-4.973352e+00 
-7.485770e+00 
-9.705520e+00 
-1.106977e+01 
-1.168062e+01 
-1.199466e+01 
-1.209598e+01 
-1.142470e+01 
-9.754981e+00 
-6.615106e+00 
-2.924215e+00 
4.109730e-01 
3.058417e+00 
4.951454e+00 
5.538815e+00 
5.217103e+00 
5.102651e+00 
5.089497e+00 
4.528473e+00 
3.760819e+00 
3.076961e+00 
2.895645e+00 
3.412051e+00 
3.265041e+00 
1.584388e+00 
-9.951845e-01 
-3.385441e+00 
-5.368820e+00 
-6.342389e+00 
-6.641529e+00 
-6.606900e+00 
-5.759127e+00 
-4.440781e+00 
-3.125804e+00 
-2.167626e+00 
-1.920946e+00 
-1.402356e+00 
4.515116e-02 
1.134465e+00 
1.717331e+00 
2.242635e+00 
3.350470e+00 
4.883990e+00 
6.460496e+00 
7.127207e+00 
7.173943e+00 
7.366595e+00 
7.434511e+00 
6.964323e+00 
6.270908e+00 
5.478396e+00 
4.013053e+00 
2.249283e+00 
-6.714572e-02 
-2.595934e+00 
-5.051358e+00 
-6.809221e+00 
-7.752817e+00 
-7.904252e+00 
-7.429646e+00 
-7.458871e+00 
-8.276582e+00 
-8.803907e+00 
-8.427898e+00 
-7.293392e+00 
-5.714801e+00 
-3.611883e+00 
-6.617983e-01 
2.238035e+00 
4.163837e+00 
5.244994e+00 
6.338533e+00 
7.493335e+00 
8.550980e+00 
9.206150e+00 
9.278055e+00 
9.433919e+00 
9.808239e+00 
1.038981e+01 
1.051863e+01 
9.847961e+00 
9.134944e+00 
8.195764e+00 
6.766789e+00 
5.048308e+00 
3.539000e+00 
2.836437e+00 
2.823246e+00 
2.606391e+00 
1.639232e+00 
3.701523e-02 
-1.483367e+00 
-2.625910e+00 
-3.579410e+00 
-4.590131e+00 
-5.696174e+00 
-6.032022e+00 
-5.831397e+00 
-5.975838e+00 
-6.261878e+00 
-6.881174e+00 
-7.540211e+00 
-7.370593e+00 
-6.430238e+00 
-5.204378e+00 
-4.491937e+00 
-4.246806e+00 
-3.997677e+00 
-3.487345e+00 
-3.051709e+00 
-3.023260e+00 
-3.040310e+00 
-2.421588e+00 
-1.329924e+00 
3.239505e-02 
1.306680e+00 
2.394726e+00 
3.069515e+00 
3.455172e+00 
3.651607e+00 
3.490691e+00 
3.492452e+00 
3.745070e+00 
4.611233e+00 
5.134655e+00 
5.529949e+00 
5.540955e+00 
5.250391e+00 
4.731900e+00 
4.160293e+00 
3.272815e+00 
1.956179e+00 
1.156608e+00 
7.593755e-01 
3.092462e-01 
3.104199e-02 
-2.006594e-01 
-2.978652e-02 
2.380687e-01 
2.807865e-01 
-2.377827e-01 
-9.266674e-01 
-1.887444e+00 
-2.859210e+00 
-3.793241e+00 
-4.456774e+00 
-4.620799e+00 
-3.953427e+00 
-3.222938e+00 
-3.012422e+00 
-3.495813e+00 
-3.774836e+00 
-3.694617e+00 
-3.473430e+00 
-3.540962e+00 
-3.937857e+00 
-3.837444e+00 
-3.016758e+00 
-2.400957e+00 
-2.086505e+00 
-2.045140e+00 
-1.762506e+00 
-1.478665e+00 
-8.771870e-01 
-7.856577e-02 
1.256944e+00 
2.368962e+00 
3.241296e+00 
4.062070e+00 
5.007238e+00 
6.277474e+00 
7.031252e+00 
7.257675e+00 
6.765982e+00 
5.896913e+00 
4.177691e+00 
2.839986e+00 
2.448177e+00 
2.626604e+00 
1.941335e+00 
2.601524e-01 
-1.794950e+00 
-4.141927e+00 
-5.438014e+00 
-6.266034e+00 
-7.517715e+00 
-8.373978e+00 
-8.623909e+00 
-8.129272e+00 
-7.422552e+00 
-6.924100e+00 
-6.518586e+00 
-5.422687e+00 
-3.712446e+00 
-1.704566e+00 
4.952415e-01 
2.154153e+00 
3.740241e+00 
6.117034e+00 
9.087691e+00 
1.167507e+01 
1.335224e+01 
1.396279e+01 
1.413524e+01 
1.395776e+01 
1.272618e+01 
1.072085e+01 
8.565111e+00 
6.618625e+00 
4.560073e+00 
2.301641e+00 
2.615287e-01 
-2.116040e+00 
-4.472802e+00 
-6.726807e+00 
-8.740679e+00 
-1.023137e+01 
-1.156393e+01 
-1.328902e+01 
-1.471583e+01 
-1.530013e+01 
-1.477084e+01 
-1.295007e+01 
-1.092899e+01 
-9.347709e+00 
-7.749332e+00 
-5.415298e+00 
-2.483161e+00 
3.004015e-01 
2.832553e+00 
5.468121e+00 
7.618830e+00 
9.347979e+00 
1.128946e+01 
1.331849e+01 
1.483850e+01 
1.508477e+01 
1.431707e+01 
1.305002e+01 
1.153587e+01 
9.344060e+00 
6.825003e+00 
4.570114e+00 
2.067811e+00 
-3.895523e-01 
-2.629755e+00 
-4.785211e+00 
-6.798811e+00 
-8.347946e+00 
-9.180014e+00 
-9.651469e+00 
-9.917737e+00 
-1.016178e+01 
-1.036917e+01 
-1.114688e+01 
-1.168106e+01 
-1.121846e+01 
-9.485659e+00 
-7.438389e+00 
-5.327738e+00 
-3.237233e+00 
-1.921525e-01 
2.588409e+00 
5.381333e+00 
7.417700e+00 
8.821929e+00 
9.606284e+00 
1.007425e+01 
1.070894e+01 
1.122044e+01 
1.110497e+01 
1.051893e+01 
9.408121e+00 
7.362995e+00 
4.501409e+00 
1.248041e+00 
-1.888015e+00 
-4.063153e+00 
-5.663166e+00 
-6.436563e+00 
-6.782182e+00 
-6.795099e+00 
-6.814450e+00 
-7.256269e+00 
-7.633539e+00 
-7.541742e+00 
-7.339749e+00 
-6.037253e+00 
-3.894757e+00 
-1.144229e+00 
1.147752e+00 
2.678320e+00 
3.489701e+00 
4.098642e+00 
4.649959e+00 
4.597290e+00 
3.798733e+00 
2.440955e+00 
1.741065e+00 
1.642416e+00 
1.276424e+00 
6.745010e-01 
8.612869e-01 
1.032796e+00 
9.632661e-01 
4.789765e-01 
-7.842014e-01 
-2.185841e+00 
-3.281785e+00 
-3.444180e+00 
-3.888900e+00 
-4.301248e+00 
-4.872939e+00 
-5.267566e+00 
-5.472982e+00 
-5.274384e+00 
-5.065899e+00 
-4.741888e+00 
-4.222414e+00 
-2.982189e+00 
-1.107698e+00 
6.623812e-01 
1.721083e+00 
2.428213e+00 
2.475733e+00 
2.426370e+00 
2.212672e+00 
1.869554e+00 
1.075734e+00 
6.531145e-01 
2.922004e-01 
8.176346e-02 
-1.947699e-01 
-7.580057e-01 
-1.391658e+00 
-1.595464e+00 
-1.699692e+00 
-2.147600e+00 
-2.462436e+00 
-2.676641e+00 
-3.206886e+00 
-3.449047e+00 
-2.926907e+00 
-1.836593e+00 
-1.271868e-02 
9.841652e-01 
9.924265e-01 
8.085554e-01 
6.061349e-01 
6.925737e-01 
6.687575e-01 
7.750786e-01 
1.385615e+00 
2.317322e+00 
2.838813e+00 
3.191456e+00 
3.640741e+00 
3.999098e+00 
3.645480e+00 
3.090462e+00 
2.657128e+00 
1.910219e+00 
8.744943e-01 
-6.242152e-01 
-1.427832e+00 
-1.682577e+00 
-1.445586e+00 
-1.917198e+00 
-2.476749e+00 
-2.670158e+00 
-2.663149e+00 
-2.112449e+00 
-1.123034e+00 
-1.960625e-01 
6.562815e-01 
1.646904e+00 
2.241468e+00 
2.211986e+00 
1.671378e+00 
8.320371e-01 
7.162179e-01 
8.093978e-01 
7.038786e-01 
4.901105e-02 
-1.184073e+00 
-2.423486e+00 
-3.280950e+00 
-3.739900e+00 
-4.315907e+00 
-4.403013e+00 
-3.983897e+00 
-2.723505e+00 
-2.109647e+00 
-2.112323e+00 
-2.373607e+00 
-1.868881e+00 
-4.764734e-01 
1.591046e+00 
3.333447e+00 
5.631860e+00 
8.194054e+00 
1.039354e+01 
1.097306e+01 
1.003374e+01 
8.362356e+00 
6.429600e+00 
5.038137e+00 
3.567346e+00 
1.462880e+00 
-1.230671e+00 
-3.694934e+00 
-5.018737e+00 
-5.338265e+00 
-5.033410e+00 
-4.873904e+00 
-5.083855e+00 
-5.609913e+00 
-5.972436e+00 
-5.775424e+00 
-5.210910e+00 
-4.355444e+00 
-3.388700e+00 
-2.516032e+00 
-1.574427e+00 
-4.514044e-01 
8.571338e-01 
2.855511e+00 
4.998922e+00 
6.021641e+00 
6.480726e+00 
6.229808e+00 
5.190932e+00 
3.852822e+00 
2.991309e+00 
2.662526e+00 
2.635298e+00 
2.368732e+00 
2.140038e+00 
2.216566e+00 
1.661981e+00 
1.886342e-01 
-1.269758e+00 
-2.142764e+00 
-3.134573e+00 
-3.388692e+00 
-3.086841e+00 
-2.932620e+00 
-3.079108e+00 
-2.843570e+00 
-2.036447e+00 
-5.655461e-01 
1.001389e+00 
2.143968e+00 
2.664174e+00 
2.824386e+00 
2.013725e+00 
4.440139e-01 
-1.096113e+00 
-1.887662e+00 
-2.010865e+00 
-1.894713e+00 
-2.167415e+00 
-2.095194e+00 
-1.360279e+00 
-2.538645e-01 
1.220441e+00 
2.158083e+00 
2.467292e+00 
2.218709e+00 
1.454648e+00 
9.291757e-01 
2.670617e-01 
-5.714656e-01 
-1.552496e+00 
-2.975619e+00 
-4.633769e+00 
-5.901878e+00 
-6.744798e+00 
-7.980589e+00 
-9.008583e+00 
-9.532056e+00 
-9.437739e+00 
-7.793844e+00 
-4.687070e+00 
-1.558866e+00 
4.699750e-01 
1.700326e+00 
1.814030e+00 
1.895129e+00 
2.733915e+00 
4.219887e+00 
6.010434e+00 
7.810426e+00 
9.489621e+00 
1.081629e+01 
1.124198e+01 
1.042485e+01 
8.762298e+00 
6.484490e+00 
4.161181e+00 
2.203709e+00 
7.442025e-01 
-7.153154e-01 
-2.620893e+00 
-4.906367e+00 
-6.945849e+00 
-8.492273e+00 
-9.122783e+00 
-8.567429e+00 
-7.446729e+00 
-6.482768e+00 
-5.643628e+00 
-5.391412e+00 
-5.265314e+00 
-4.316816e+00 
-3.177885e+00 
-1.970591e+00 
-7.925384e-01 
7.938232e-01 
2.544003e+00 
4.138928e+00 
5.083030e+00 
6.383139e+00 
7.417379e+00 
7.784472e+00 
7.317131e+00 
6.766185e+00 
6.579247e+00 
6.646616e+00 
6.627667e+00 
6.343463e+00 
5.812711e+00 
4.847313e+00 
3.614808e+00 
2.516369e+00 
2.015446e+00 
1.839594e+00 
1.933627e+00 
1.177669e+00 
-3.559674e-01 
-2.750389e+00 
-4.937818e+00 
-6.266691e+00 
-7.125150e+00 
-7.918309e+00 
-8.117974e+00 
-7.148844e+00 
-5.659017e+00 
-3.841363e+00 
-1.412429e+00 
5.801571e-01 
1.563602e+00 
1.935660e+00 
2.645129e+00 
3.545094e+00 
4.140975e+00 
4.104093e+00 
4.358973e+00 
4.859865e+00 
4.984954e+00 
5.134126e+00 
4.771763e+00 
4.369922e+00 
3.727768e+00 
2.223623e+00 
9.186140e-01 
1.040507e-01 
-1.244372e+00 
-2.627233e+00 
-3.897234e+00 
-4.738004e+00 
-5.609101e+00 
-7.349048e+00 
-9.508095e+00 
-1.133311e+01 
-1.227050e+01 
-1.179412e+01 
-1.102765e+01 
-9.969234e+00 
-8.374735e+00 
-6.128017e+00 
-4.138680e+00 
-2.732853e+00 
-1.524019e+00 
-4.195398e-01 
2.028941e-01 
7.440738e-01 
1.277749e+00 
2.024260e+00 
2.437617e+00 
2.216315e+00 
1.992187e+00 
1.472836e+00 
5.071918e-01 
2.742964e-02 
5.909243e-01 
1.286346e+00 
1.909583e+00 
2.603328e+00 
2.926447e+00 
2.437959e+00 
1.473218e+00 
5.268503e-02 
-6.620691e-01 
-5.887778e-01 
-4.027669e-01 
-5.564947e-01 
-4.335056e-01 
-6.043672e-01 
-1.991107e+00 
-3.248400e+00 
-4.417259e+00 
-4.949709e+00 
-4.909783e+00 
-4.547429e+00 
-3.427262e+00 
-2.545611e+00 
-1.195254e+00 
1.879769e-01 
1.820490e+00 
3.344296e+00 
4.323091e+00 
5.069268e+00 
5.401971e+00 
5.187689e+00 
5.337000e+00 
5.141567e+00 
4.760439e+00 
4.728510e+00 
4.956993e+00 
5.300095e+00 
5.731978e+00 
5.732048e+00 
5.047830e+00 
4.113323e+00 
3.242126e+00 
2.290093e+00 
1.220237e+00 
1.878179e-01 
-5.068168e-01 
-1.344695e+00 
-2.625170e+00 
-4.100331e+00 
-5.757082e+00 
-7.158400e+00 
-7.848403e+00 
-8.590013e+00 
-8.619923e+00 
-8.243337e+00 
-7.931706e+00 
-7.438788e+00 
-7.172512e+00 
-6.791111e+00 
-5.810301e+00 
-3.863902e+00 
-1.110943e+00 
1.022905e+00 
2.404708e+00 
3.656704e+00 
5.208379e+00 
6.996051e+00 
8.228087e+00 
9.077225e+00 
9.781570e+00 
1.030784e+01 
1.038890e+01 
1.028934e+01 
9.991329e+00 
9.033834e+00 
7.529660e+00 
5.312289e+00 
3.008246e+00 
8.478341e-01 
-9.423374e-01 
-1.867025e+00 
-2.764622e+00 
-3.562138e+00 
-3.749213e+00 
-4.018098e+00 
-4.849563e+00 
-5.831837e+00 
-6.693788e+00 
-7.488662e+00 
-8.523145e+00 
-9.515959e+00 
-9.671512e+00 
-9.112915e+00 
-7.875013e+00 
-6.182833e+00 
-4.309178e+00 
-2.830287e+00 
-1.876217e+00 
-5.782853e-01 
5.672288e-01 
1.588168e+00 
2.635049e+00 
3.748078e+00 
5.048498e+00 
5.848300e+00 
6.176868e+00 
6.138510e+00 
5.869254e+00 
5.727466e+00 
5.554080e+00 
5.102981e+00 
4.641628e+00 
3.834377e+00 
3.083961e+00 
2.278708e+00 
1.167750e+00 
-2.165996e-01 
-2.144627e+00 
-4.686730e+00 
-7.040625e+00 
-8.736960e+00 
-1.026148e+01 
-1.095498e+01 
-1.157566e+01 
-1.241507e+01 
-1.311656e+01 
-1.289445e+01 
-1.212435e+01 
-1.107766e+01 
-9.943059e+00 
-8.022963e+00 
-6.026279e+00 
-4.932056e+00 
-4.263608e+00 
-3.328751e+00 
-1.774478e+00 
8.239374e-02 
1.211060e+00 
2.448764e+00 
3.684160e+00 
5.662837e+00 
7.436980e+00 
7.999884e+00 
7.958542e+00 
8.009749e+00 
8.281041e+00 
8.946540e+00 
9.322441e+00 
9.120549e+00 
7.337748e+00 
4.411728e+00 
1.937483e+00 
4.180650e-01 
-6.405890e-01 
-1.451506e+00 
-2.498956e+00 
-4.354228e+00 
-6.701110e+00 
-9.391991e+00 
-1.183715e+01 
-1.354849e+01 
-1.465725e+01 
-1.477903e+01 
-1.409791e+01 
-1.289580e+01 
-1.114295e+01 
-8.466127e+00 
-5.368526e+00 
-2.326150e+00 
5.199008e-01 
3.618703e+00 
6.322903e+00 
9.046969e+00 
1.228043e+01 
1.517609e+01 
1.689744e+01 
1.797054e+01 
1.887317e+01 
1.935751e+01 
1.901750e+01 
1.767610e+01 
1.532630e+01 
1.216261e+01 
8.671922e+00 
5.918971e+00 
3.568970e+00 
8.452804e-01 
-2.393524e+00 
-5.924718e+00 
-9.346054e+00 
-1.251832e+01 
-1.465815e+01 
-1.570013e+01 
-1.605193e+01 
-1.564411e+01 
-1.474783e+01 
-1.386511e+01 
-1.279185e+01 
-1.163937e+01 
-1.005447e+01 
-8.002117e+00 
-5.922963e+00 
-4.330532e+00 
-2.415650e+00 
-3.909780e-02 
2.766712e+00 
5.370767e+00 
7.626643e+00 
9.647525e+00 
1.110889e+01 
1.232410e+01 
1.329968e+01 
1.400118e+01 
1.411762e+01 
1.354410e+01 
1.252590e+01 
1.127334e+01 
1.030280e+01 
9.302546e+00 
8.060503e+00 
6.253145e+00 
3.992684e+00 
1.618614e+00 
-7.717482e-01 
-2.739466e+00 
-4.211601e+00 
-5.337949e+00 
-6.329148e+00 
-7.425636e+00 
-9.024487e+00 
-1.042645e+01 
-1.116260e+01 
-1.105695e+01 
-1.004842e+01 
-8.618557e+00 
-7.122013e+00 
-5.749987e+00 
-4.874901e+00 
-4.247048e+00 
-3.320477e+00 
-1.674755e+00 
4.957411e-02 
1.841475e+00 
3.826076e+00 
6.439342e+00 
8.941725e+00 
1.044390e+01 
1.122177e+01 
1.150233e+01 
1.191217e+01 
1.219952e+01 
1.162892e+01 
1.051393e+01 
9.215065e+00 
7.741181e+00 
6.020831e+00 
4.125579e+00 
1.239643e+00 
-2.183139e+00 
-5.513002e+00 
-8.745263e+00 
-1.195019e+01 
-1.462930e+01 
-1.629867e+01 
-1.667408e+01 
-1.604310e+01 
-1.504590e+01 
-1.375708e+01 
-1.260489e+01 
-1.110607e+01 
-9.174424e+00 
-6.884071e+00 
-4.360134e+00 
-1.591924e+00 
1.125782e+00 
4.072898e+00 
7.277098e+00 
1.035323e+01 
1.291790e+01 
1.457558e+01 
1.532790e+01 
1.540102e+01 
1.482930e+01 
1.442618e+01 
1.323211e+01 
1.120234e+01 
8.199369e+00 
5.572985e+00 
3.366609e+00 
1.230447e+00 
-1.617709e+00 
-4.598025e+00 
-7.260988e+00 
-9.618670e+00 
-1.140986e+01 
-1.307133e+01 
-1.382982e+01 
-1.330253e+01 
-1.251066e+01 
-1.097375e+01 
-8.283056e+00 
-5.111464e+00 
-2.305817e+00 
1.362876e-01 
2.189321e+00 
3.831421e+00 
5.380950e+00 
6.399957e+00 
7.365954e+00 
8.491491e+00 
9.243648e+00 
9.308422e+00 
8.888136e+00 
7.714162e+00 
6.351794e+00 
5.350403e+00 
4.279367e+00 
2.997661e+00 
1.079632e+00 
-1.324920e+00 
-3.466414e+00 
-5.305036e+00 
-7.400217e+00 
-9.123574e+00 
-1.032109e+01 
-1.089588e+01 
-1.120812e+01 
-1.180450e+01 
-1.258848e+01 
-1.278240e+01 
-1.169399e+01 
-1.006114e+01 
-8.377272e+00 
-7.035527e+00 
-6.173679e+00 
-5.065864e+00 
-2.976187e+00 
-4.776236e-01 
2.137417e+00 
4.208224e+00 
6.199998e+00 
8.193476e+00 
9.731765e+00 
1.092201e+01 
1.167702e+01 
1.228532e+01 
1.295046e+01 
1.342076e+01 
1.301682e+01 
1.152439e+01 
9.673532e+00 
8.188682e+00 
6.922452e+00 
5.767678e+00 
4.693792e+00 
2.737557e+00 
1.873012e-01 
-2.150455e+00 
-4.167497e+00 
-5.601898e+00 
-6.416643e+00 
-7.292286e+00 
-8.152529e+00 
-8.351292e+00 
-8.184088e+00 
-8.044718e+00 
-8.148787e+00 
-7.956335e+00 
-7.629093e+00 
-6.767484e+00 
-5.491360e+00 
-3.892730e+00 
-2.661067e+00 
-7.151087e-01 
1.505021e+00 
3.951924e+00 
5.929354e+00 
6.735432e+00 
7.098284e+00 
7.282591e+00 
7.316714e+00 
7.205124e+00 
6.869088e+00 
5.901790e+00 
4.503523e+00 
3.099702e+00 
1.846975e+00 
5.975651e-01 
-7.239996e-01 
-2.205940e+00 
-3.785565e+00 
-5.454708e+00 
-7.068223e+00 
-8.233950e+00 
-8.521755e+00 
-8.420752e+00 
-8.246501e+00 
-7.825700e+00 
-7.669255e+00 
-7.396364e+00 
-6.735646e+00 
-5.346181e+00 
-4.085491e+00 
-2.420859e+00 
-5.646069e-01 
8.105662e-01 
1.904531e+00 
3.485173e+00 
5.774304e+00 
7.970998e+00 
9.609400e+00 
1.022988e+01 
1.016997e+01 
9.799275e+00 
8.792341e+00 
7.265612e+00 
5.376372e+00 
3.187105e+00 
1.818506e+00 
6.442239e-01 
-8.676972e-01 
-2.899742e+00 
-4.910460e+00 
-6.771950e+00 
-8.543104e+00 
-1.006651e+01 
-1.145812e+01 
-1.260099e+01 
-1.262174e+01 
-1.150542e+01 
-1.008484e+01 
-8.417426e+00 
-6.725760e+00 
-4.836542e+00 
-2.747251e+00 
-2.297834e-01 
1.897277e+00 
3.679066e+00 
5.610743e+00 
8.132943e+00 
1.003209e+01 
1.115262e+01 
1.107648e+01 
1.046083e+01 
9.588821e+00 
8.837600e+00 
8.452168e+00 
7.656039e+00 
5.624722e+00 
3.290728e+00 
1.060242e+00 
-1.483986e+00 
-3.336027e+00 
-4.775208e+00 
-6.236934e+00 
-7.785354e+00 
-8.872229e+00 
-9.754802e+00 
-1.039005e+01 
-1.021995e+01 
-9.383847e+00 
-7.606465e+00 
-5.894401e+00 
-4.376236e+00 
-2.461492e+00 
-8.893960e-02 
2.331626e+00 
4.105089e+00 
5.909339e+00 
7.327238e+00 
8.585069e+00 
9.263144e+00 
9.451219e+00 
9.133149e+00 
8.300089e+00 
6.350232e+00 
3.791166e+00 
1.621878e+00 
-3.048905e-01 
-2.635001e+00 
-5.015999e+00 
-7.170211e+00 
-8.884519e+00 
-1.006689e+01 
-1.077280e+01 
-1.077481e+01 
-1.056419e+01 
-1.012084e+01 
-8.961840e+00 
-6.426507e+00 
-3.388699e+00 
-4.885105e-01 
2.235196e+00 
4.650100e+00 
6.904726e+00 
9.316720e+00 
1.166566e+01 
1.372369e+01 
1.501796e+01 
1.584365e+01 
1.590517e+01 
1.615393e+01 
1.629691e+01 
1.612877e+01 
1.479209e+01 
1.226694e+01 
9.236098e+00 
6.058152e+00 
2.729711e+00 
-9.810362e-01 
-4.578442e+00 
-7.369804e+00 
-8.883091e+00 
-9.523647e+00 
-1.009858e+01 
-1.025430e+01 
-9.826371e+00 
-9.091501e+00 
-8.510190e+00 
-8.175364e+00 
-7.741209e+00 
-6.563696e+00 
-5.418778e+00 
-4.434615e+00 
-3.882881e+00 
-3.016916e+00 
-1.228608e+00 
1.112115e+00 
3.338276e+00 
5.276632e+00 
6.633608e+00 
7.683138e+00 
7.913584e+00 
8.392396e+00 
8.313397e+00 
7.315371e+00 
5.613785e+00 
3.808685e+00 
2.774550e+00 
2.353516e+00 
2.215548e+00 
1.513719e+00 
7.452739e-01 
-6.170873e-04 
-2.293841e-01 
-8.844679e-01 
-2.496800e+00 
-4.494052e+00 
-5.857180e+00 
-6.046995e+00 
-5.333369e+00 
-4.635382e+00 
-4.015627e+00 
-3.690867e+00 
-3.527852e+00 
-2.987416e+00 
-1.924511e+00 
-6.819975e-01 
6.656145e-01 
2.272020e+00 
4.037118e+00 
5.160638e+00 
5.452274e+00 
5.316335e+00 
5.138270e+00 
5.025773e+00 
4.579167e+00 
3.924282e+00 
3.334862e+00 
2.577801e+00 
1.411004e+00 
-2.951600e-01 
-1.807429e+00 
-3.225130e+00 
-4.181168e+00 
-4.724898e+00 
-5.130134e+00 
-4.908821e+00 
-5.177664e+00 
-5.718109e+00 
-6.358658e+00 
-7.486298e+00 
-8.095999e+00 
-8.006933e+00 
-7.703663e+00 
-7.563917e+00 
-7.298879e+00 
-6.084718e+00 
-3.615413e+00 
-1.035818e+00 
3.792669e-01 
9.342321e-01 
1.096066e+00 
1.113223e+00 
1.883012e+00 
2.946088e+00 
4.056776e+00 
5.482061e+00 
7.183487e+00 
8.773985e+00 
9.986235e+00 
1.051949e+01 
1.000065e+01 
9.484400e+00 
8.578478e+00 
6.503973e+00 
3.802677e+00 
1.161438e+00 
-8.156754e-01 
-2.323686e+00 
-2.801927e+00 
-3.199543e+00 
-3.894121e+00 
-5.042601e+00 
-5.863696e+00 
-6.364590e+00 
-6.433478e+00 
-6.124591e+00 
-5.731369e+00 
-5.144644e+00 
-4.756976e+00 
-4.036108e+00 
-2.847022e+00 
-1.356634e+00 
-8.908562e-02 
1.236361e+00 
2.104606e+00 
2.853132e+00 
4.117044e+00 
5.622622e+00 
7.599607e+00 
8.793028e+00 
8.484203e+00 
7.630996e+00 
7.200450e+00 
6.953901e+00 
6.578483e+00 
6.137246e+00 
5.052595e+00 
3.415066e+00 
1.766895e+00 
-6.406841e-02 
-1.519734e+00 
-2.215574e+00 
-2.380357e+00 
-2.610232e+00 
-2.300110e+00 
-1.280739e+00 
-3.353269e-01 
-1.550680e-01 
-1.394884e+00 
-2.875843e+00 
-4.133864e+00 
-4.701614e+00 
-4.023637e+00 
-2.813295e+00 
-1.496901e+00 
-4.575774e-01 
8.966648e-01 
2.187246e+00 
4.123171e+00 
5.477507e+00 
6.298333e+00 
6.409696e+00 
6.113119e+00 
6.412978e+00 
6.604798e+00 
6.222985e+00 
5.321552e+00 
3.632189e+00 
1.937504e+00 
-2.261187e-01 
-2.535521e+00 
-4.105536e+00 
-5.013107e+00 
-5.007456e+00 
-4.434820e+00 
-3.492972e+00 
-3.340649e+00 
-3.441181e+00 
-3.456452e+00 
-2.975218e+00 
-2.281961e+00 
-1.669486e+00 
-1.161996e+00 
-6.043384e-01 
7.492274e-01 
2.203665e+00 
2.894208e+00 
3.111594e+00 
3.580487e+00 
4.784324e+00 
6.078457e+00 
6.650001e+00 
6.464164e+00 
5.579591e+00 
3.821457e+00 
1.731829e+00 
5.588081e-01 
5.614780e-01 
9.420687e-01 
9.326536e-01 
8.510745e-01 
3.830090e-01 
-6.668938e-02 
-1.474962e+00 
-3.503646e+00 
-5.359304e+00 
-6.141059e+00 
-5.798010e+00 
-4.600318e+00 
-4.076555e+00 
-3.708134e+00 
-3.204062e+00 
-2.036581e+00 
-7.530206e-01 
3.607142e-01 
1.599472e+00 
2.822131e+00 
4.310792e+00 
5.266368e+00 
6.141188e+00 
6.541053e+00 
6.794987e+00 
6.638381e+00 
5.885989e+00 
4.718972e+00 
4.002865e+00 
4.058628e+00 
4.062394e+00 
3.366816e+00 
2.200608e+00 
5.573196e-01 
-1.358154e+00 
-2.896244e+00 
-3.677692e+00 
-4.107343e+00 
-4.124737e+00 
-3.821505e+00 
-3.711111e+00 
-4.137641e+00 
-4.688549e+00 
-4.969027e+00 
-5.309110e+00 
-5.956079e+00 
-6.557684e+00 
-6.725409e+00 
-6.578036e+00 
-6.447915e+00 
-6.339075e+00 
-5.786132e+00 
-4.994104e+00 
-3.725736e+00 
-1.758743e+00 
6.176111e-02 
2.117094e+00 
3.927456e+00 
5.757921e+00 
7.979307e+00 
1.012604e+01 
1.167835e+01 
1.244009e+01 
1.210575e+01 
1.118330e+01 
1.013251e+01 
9.252658e+00 
8.148202e+00 
6.880824e+00 
5.344873e+00 
3.391395e+00 
1.502353e+00 
-2.807647e-01 
-2.666373e+00 
-5.765116e+00 
-8.755890e+00 
-1.091320e+01 
-1.208966e+01 
-1.270330e+01 
-1.323293e+01 
-1.312537e+01 
-1.233075e+01 
-1.095039e+01 
-8.908148e+00 
-6.887250e+00 
-4.499189e+00 
-1.036905e+00 
3.054819e+00 
7.635874e+00 
1.146786e+01 
1.391023e+01 
1.537956e+01 
1.664430e+01 
1.745240e+01 
1.747578e+01 
1.732021e+01 
1.708525e+01 
1.624294e+01 
1.426470e+01 
1.096123e+01 
7.145059e+00 
3.188753e+00 
-9.350373e-01 
-4.989281e+00 
-8.602413e+00 
-1.152266e+01 
-1.402590e+01 
-1.600719e+01 
-1.775730e+01 
-1.923176e+01 
-2.003493e+01 
-1.986194e+01 
-1.878869e+01 
-1.702988e+01 
-1.460836e+01 
-1.173447e+01 
-8.274811e+00 
-4.323785e+00 
-2.263386e-01 
3.504507e+00 
7.019363e+00 
1.011273e+01 
1.243937e+01 
1.463427e+01 
1.678286e+01 
1.799316e+01 
1.825851e+01 
1.813537e+01 
1.721269e+01 
1.558954e+01 
1.382964e+01 
1.177288e+01 
8.741606e+00 
5.359945e+00 
2.018092e+00 
-1.355901e+00 
-4.610638e+00 
-7.832160e+00 
-1.113417e+01 
-1.353374e+01 
-1.482679e+01 
-1.478749e+01 
-1.412065e+01 
-1.370576e+01 
-1.380544e+01 
-1.339390e+01 
-1.137414e+01 
-7.838681e+00 
-3.533351e+00 
6.540037e-01 
4.312908e+00 
6.729993e+00 
8.634848e+00 
1.062081e+01 
1.213182e+01 
1.319319e+01 
1.362365e+01 
1.337514e+01 
1.227334e+01 
1.044557e+01 
8.541593e+00 
6.403459e+00 
4.120084e+00 
1.741579e+00 
-1.876453e-01 
-1.800250e+00 
-3.324666e+00 
-4.460621e+00 
-4.828770e+00 
-5.105008e+00 
-5.707975e+00 
-6.436025e+00 
-7.370768e+00 
-8.333845e+00 
-8.704149e+00 
-8.902805e+00 
-7.905562e+00 
-6.321397e+00 
-5.352297e+00 
-4.462628e+00 
-3.121161e+00 
-1.415803e+00 
6.300882e-01 
3.571527e+00 
6.436999e+00 
8.427918e+00 
9.727260e+00 
1.111245e+01 
1.216380e+01 
1.323760e+01 
1.385811e+01 
1.326786e+01 
1.173060e+01 
1.025788e+01 
9.080605e+00 
8.280369e+00 
7.131693e+00 
5.185887e+00 
2.492953e+00 
-5.472901e-01 
-3.334471e+00 
-5.960291e+00 
-8.519745e+00 
-1.095329e+01 
-1.303913e+01 
-1.407294e+01 
-1.433363e+01 
-1.461198e+01 
-1.445688e+01 
-1.388265e+01 
-1.281322e+01 
-1.067374e+01 
-8.117724e+00 
-5.731034e+00 
-3.895316e+00 
-1.490558e+00 
1.018066e+00 
4.327331e+00 
7.866147e+00 
1.093916e+01 
1.306254e+01 
1.411730e+01 
1.435650e+01 
1.404698e+01 
1.340905e+01 
1.231388e+01 
1.070441e+01 
8.752523e+00 
6.008410e+00 
3.088021e+00 
5.806132e-02 
-2.520810e+00 
-4.351078e+00 
-5.932015e+00 
-7.628178e+00 
-8.758343e+00 
-9.452866e+00 
-1.020227e+01 
-1.108585e+01 
-1.174472e+01 
-1.261459e+01 
-1.335741e+01 
-1.337275e+01 
-1.294623e+01 
-1.150342e+01 
-9.532964e+00 
-7.576535e+00 
-5.883696e+00 
-4.213236e+00 
-2.121195e+00 
-1.616987e-01 
1.530726e+00 
2.627240e+00 
3.478965e+00 
4.410519e+00 
5.603118e+00 
6.353794e+00 
7.077562e+00 
7.061945e+00 
6.725181e+00 
6.140218e+00 
5.658479e+00 
4.905961e+00 
3.740322e+00 
2.337124e+00 
1.095652e+00 
-2.489387e-01 
-1.627468e+00 
-2.693136e+00 
-3.946535e+00 
-5.298582e+00 
-6.366288e+00 
-7.521704e+00 
-8.650397e+00 
-9.762798e+00 
-1.031374e+01 
-9.820879e+00 
-8.706417e+00 
-6.842022e+00 
-4.328752e+00 
-1.859197e+00 
-1.395995e-01 
1.091701e+00 
2.963910e+00 
5.216686e+00 
7.499641e+00 
8.958554e+00 
9.683333e+00 
1.009218e+01 
1.007029e+01 
9.624180e+00 
9.053890e+00 
8.374007e+00 
7.287928e+00 
5.995452e+00 
4.519868e+00 
2.934690e+00 
1.168341e+00 
-3.441330e-01 
-2.158942e+00 
-4.288981e+00 
-6.089989e+00 
-7.286338e+00 
-7.735297e+00 
-6.918473e+00 
-5.762060e+00 
-4.642292e+00 
-3.982430e+00 
-3.794788e+00 
-3.331132e+00 
-2.982788e+00 
-2.072947e+00 
-1.523429e+00 
-4.798758e-01 
1.370739e+00 
3.253138e+00 
4.482355e+00 
5.035155e+00 
5.012720e+00 
4.515326e+00 
3.799107e+00 
2.777098e+00 
2.016483e+00 
1.591147e+00 
8.703146e-01 
-8.262070e-02 
-1.355039e+00 
-2.834055e+00 
-3.771135e+00 
-4.197562e+00 
-5.184288e+00 
-6.626185e+00 
-7.726782e+00 
-8.277510e+00 
-8.181412e+00 
-7.678261e+00 
-7.022970e+00 
-5.973736e+00 
-4.684206e+00 
-3.070197e+00 
-1.419398e+00 
5.912142e-02 
1.280199e+00 
2.403579e+00 
3.534284e+00 
4.959039e+00 
6.330303e+00 
7.664085e+00 
8.766363e+00 
9.670683e+00 
1.048202e+01 
1.076111e+01 
1.081905e+01 
9.262333e+00 
7.013165e+00 
4.752078e+00 
2.621459e+00 
-5.048341e-02 
-2.328286e+00 
-3.782381e+00 
-4.750292e+00 
-5.586444e+00 
-6.748637e+00 
-7.441900e+00 
-8.080637e+00 
-8.650380e+00 
-8.842717e+00 
-8.622141e+00 
-7.309302e+00 
-5.340582e+00 
-3.198088e+00 
-1.695450e+00 
-9.427391e-01 
-3.664589e-01 
7.681641e-01 
2.501277e+00 
4.520218e+00 
6.467498e+00 
8.218056e+00 
9.521253e+00 
1.048255e+01 
1.114699e+01 
1.158617e+01 
1.154530e+01 
1.066020e+01 
9.140910e+00 
7.292826e+00 
4.629281e+00 
1.745797e+00 
-1.361647e+00 
-4.016632e+00 
-5.700100e+00 
-6.719068e+00 
-7.371036e+00 
-7.783872e+00 
-8.225065e+00 
-8.110958e+00 
-7.563270e+00 
-7.276358e+00 
-7.054013e+00 
-6.509798e+00 
-5.489833e+00 
-4.211177e+00 
-2.847695e+00 
-1.555542e+00 
2.993722e-02 
1.636987e+00 
3.435973e+00 
5.508794e+00 
7.492603e+00 
8.835874e+00 
1.014648e+01 
1.108482e+01 
1.064376e+01 
9.342093e+00 
7.593294e+00 
5.787566e+00 
3.956645e+00 
2.058157e+00 
5.960938e-01 
-8.509924e-01 
-2.436675e+00 
-4.536624e+00 
-6.604842e+00 
-8.375602e+00 
-9.767388e+00 
-1.047146e+01 
-1.063304e+01 
-1.059742e+01 
-1.046315e+01 
-1.025572e+01 
-9.907289e+00 
-8.890304e+00 
-6.725829e+00 
-3.422380e+00 
-2.292619e-01 
3.118749e+00 
5.982099e+00 
8.478123e+00 
9.942757e+00 
1.093624e+01 
1.187302e+01 
1.268954e+01 
1.332539e+01 
1.364196e+01 
1.405794e+01 
1.381059e+01 
1.244176e+01 
1.012780e+01 
7.024437e+00 
3.870105e+00 
1.622069e+00 
1.802121e-01 
-1.061346e+00 
-2.023239e+00 
-2.980946e+00 
-4.479788e+00 
-6.905048e+00 
-9.812484e+00 
-1.213849e+01 
-1.340238e+01 
-1.295389e+01 
-1.213116e+01 
-1.072966e+01 
-9.307815e+00 
-7.971923e+00 
-6.298955e+00 
-4.093257e+00 
-1.998605e+00 
3.567164e-01 
2.711262e+00 
4.557079e+00 
5.689759e+00 
5.912842e+00 
5.555138e+00 
4.668516e+00 
3.503401e+00 
2.177390e+00 
1.355223e+00 
9.543459e-01 
7.642806e-01 
7.421073e-01 
4.823921e-01 
-3.975447e-01 
-1.744211e+00 
-3.583858e+00 
-5.451234e+00 
-7.510558e+00 
-8.986070e+00 
-9.407363e+00 
-8.657789e+00 
-7.643975e+00 
-7.282681e+00 
-7.761285e+00 
-8.196779e+00 
-8.339723e+00 
-8.663987e+00 
-8.603431e+00 
-7.981359e+00 
-6.473615e+00 
-4.060053e+00 
-1.278365e+00 
8.227346e-01 
1.981375e+00 
2.282138e+00 
2.625950e+00 
3.443751e+00 
4.271570e+00 
4.975643e+00 
5.314293e+00 
5.368711e+00 
5.445754e+00 
5.360298e+00 
5.160396e+00 
4.690394e+00 
3.617943e+00 
2.666934e+00 
2.047875e+00 
1.474485e+00 
6.204100e-01 
-5.573615e-01 
-1.263016e+00 
-1.722840e+00 
-2.863684e+00 
-3.975472e+00 
-3.758390e+00 
-3.506186e+00 
-4.019109e+00 
-5.571989e+00 
-7.159574e+00 
-8.237201e+00 
-8.848343e+00 
-8.971404e+00 
-8.286074e+00 
-7.426691e+00 
-6.821682e+00 
-6.244893e+00 
-4.337726e+00 
-2.290082e+00 
-1.032964e+00 
-9.003243e-01 
-6.064055e-01 
1.342607e-01 
1.525168e+00 
3.457388e+00 
5.329581e+00 
7.438829e+00 
1.021074e+01 
1.234558e+01 
1.274396e+01 
1.186151e+01 
1.107628e+01 
1.067445e+01 
1.028520e+01 
9.174394e+00 
7.139174e+00 
5.156890e+00 
3.517238e+00 
2.078475e+00 
3.569522e-01 
-1.468800e+00 
-3.380519e+00 
-4.457012e+00 
-5.162157e+00 
-5.753074e+00 
-5.950160e+00 
-5.746020e+00 
-5.510817e+00 
-4.826281e+00 
-4.193527e+00 
-3.569815e+00 
-2.039479e+00 
1.207570e-01 
2.563925e+00 
4.603902e+00 
6.125405e+00 
6.158479e+00 
5.202780e+00 
4.670045e+00 
3.712375e+00 
2.859049e+00 
2.588416e+00 
2.933560e+00 
2.616745e+00 
1.362565e+00 
-3.136504e-01 
-2.390034e+00 
-4.113964e+00 
-4.889228e+00 
-5.266423e+00 
-4.848267e+00 
-4.057217e+00 
-3.326802e+00 
-2.351268e+00 
-1.326913e+00 
-1.018198e+00 
-1.757369e+00 
-1.984058e+00 
-1.989674e+00 
-2.235065e+00 
-2.955782e+00 
-3.437213e+00 
-3.317351e+00 
-3.020458e+00 
-3.087896e+00 
-3.102395e+00 
-3.189087e+00 
-3.049721e+00 
-3.225616e+00 
-3.280591e+00 
-2.369774e+00 
-1.050262e+00 
6.936251e-02 
1.070020e+00 
1.387248e+00 
1.118395e+00 
3.892231e-01 
2.441325e-01 
-8.926872e-02 
-5.461341e-01 
-1.733932e+00 
-3.402267e+00 
-4.426267e+00 
-5.537520e+00 
-6.135898e+00 
-6.342041e+00 
-6.352498e+00 
-6.111932e+00 
-5.768696e+00 
-5.270791e+00 
-4.005336e+00 
-1.903887e+00 
6.635347e-01 
3.213961e+00 
5.046993e+00 
6.262154e+00 
7.567975e+00 
8.427170e+00 
8.874829e+00 
9.206341e+00 
9.223311e+00 
9.420837e+00 
9.239931e+00 
8.234016e+00 
6.461503e+00 
4.368401e+00 
1.880458e+00 
-7.262888e-01 
-3.004755e+00 
-4.981747e+00 
-6.728308e+00 
-8.362320e+00 
-1.017096e+01 
-1.146159e+01 
-1.212902e+01 
-1.210872e+01 
-1.138991e+01 
-1.023310e+01 
-9.229164e+00 
-7.478847e+00 
-4.688624e+00 
-1.395852e+00 
7.432500e-01 
2.100477e+00 
3.128599e+00 
4.470550e+00 
6.065178e+00 
7.261756e+00 
8.344371e+00 
9.547662e+00 
1.054046e+01 
1.105271e+01 
1.068922e+01 
9.840000e+00 
9.167841e+00 
8.131197e+00 
6.776045e+00 
5.901418e+00 
4.623640e+00 
2.684389e+00 
4.156437e-01 
-1.835966e+00 
-3.508082e+00 
-4.378205e+00 
-5.223831e+00 
-6.192475e+00 
-7.062063e+00 
-8.001929e+00 
-8.793035e+00 
-8.933319e+00 
-8.295795e+00 
-7.323715e+00 
-6.184347e+00 
-4.498239e+00 
-2.617795e+00 
-7.287432e-01 
1.666341e+00 
4.134518e+00 
6.668930e+00 
9.184478e+00 
1.126109e+01 
1.270938e+01 
1.449685e+01 
1.536789e+01 
1.480829e+01 
1.377114e+01 
1.256676e+01 
1.074851e+01 
8.754908e+00 
6.559286e+00 
4.156420e+00 
1.601334e+00 
-1.319608e+00 
-3.940092e+00 
-6.209977e+00 
-8.166202e+00 
-1.026152e+01 
-1.261825e+01 
-1.445168e+01 
-1.548842e+01 
-1.579182e+01 
-1.568111e+01 
-1.504031e+01 
-1.354865e+01 
-1.172315e+01 
-9.600171e+00 
-7.079431e+00 
-4.736016e+00 
-1.963120e+00 
1.030100e+00 
4.064107e+00 
6.201756e+00 
7.736919e+00 
9.455139e+00 
1.088630e+01 
1.218005e+01 
1.314865e+01 
1.352484e+01 
1.320015e+01 
1.242994e+01 
1.042656e+01 
7.837213e+00 
4.697267e+00 
2.001058e+00 
-3.378544e-01 
-2.591245e+00 
-5.030847e+00 
-7.470837e+00 
-1.004296e+01 
-1.273524e+01 
-1.507273e+01 
-1.603263e+01 
-1.621970e+01 
-1.579587e+01 
-1.497657e+01 
-1.393233e+01 
-1.261680e+01 
-1.079398e+01 
-8.060522e+00 
-4.768962e+00 
-9.967372e-01 
2.752303e+00 
6.669446e+00 
1.058345e+01 
1.359408e+01 
1.563695e+01 
1.640126e+01 
1.638268e+01 
1.594499e+01 
1.517737e+01 
1.374887e+01 
1.174368e+01 
9.458659e+00 
7.323390e+00 
5.326240e+00 
2.561016e+00 
-7.388184e-01 
-3.759330e+00 
-6.391283e+00 
-8.606132e+00 
-1.033438e+01 
-1.151622e+01 
-1.233986e+01 
-1.220511e+01 
-1.145052e+01 
-9.728409e+00 
-7.974697e+00 
-6.175554e+00 
-5.142306e+00 
-4.403539e+00 
-3.671569e+00 
-3.147796e+00 
-2.661197e+00 
-1.685853e+00 
8.202236e-02 
2.509906e+00 
4.641629e+00 
6.028316e+00 
6.698193e+00 
6.940257e+00 
6.939318e+00 
6.764270e+00 
6.715689e+00 
6.333930e+00 
5.339318e+00 
4.143980e+00 
3.007186e+00 
2.381489e+00 
2.015374e+00 
1.867884e+00 
1.026945e+00 
-1.880003e-01 
-1.670831e+00 
-3.078212e+00 
-4.199017e+00 
-4.859756e+00 
-5.333589e+00 
-6.035347e+00 
-6.809966e+00 
-7.430050e+00 
-7.222622e+00 
-6.493818e+00 
-5.459160e+00 
-4.349075e+00 
-2.882640e+00 
-9.882493e-01 
1.051147e+00 
3.005763e+00 
4.604309e+00 
5.826812e+00 
6.352994e+00 
6.862537e+00 
7.396708e+00 
6.993153e+00 
5.653092e+00 
4.473817e+00 
3.722247e+00 
3.158550e+00 
1.905391e+00 
8.453372e-02 
-1.664351e+00 
-2.848956e+00 
-4.086273e+00 
-5.255449e+00 
-6.304221e+00 
-6.483319e+00 
-6.328405e+00 
-5.605784e+00 
-4.998840e+00 
-3.422335e+00 
-1.301181e+00 
9.078583e-01 
2.865350e+00 
4.045757e+00 
5.229444e+00 
5.988862e+00 
6.228249e+00 
5.833751e+00 
5.245292e+00 
4.524493e+00 
4.024766e+00 
3.220875e+00 
2.395883e+00 
1.182327e+00 
1.630917e-01 
-1.130614e+00 
-2.758554e+00 
-4.969107e+00 
-6.937128e+00 
-7.675755e+00 
-7.589794e+00 
-6.766057e+00 
-5.720170e+00 
-5.466322e+00 
-5.180300e+00 
-4.449415e+00 
-3.755358e+00 
-2.578392e+00 
-1.242193e+00 
3.171327e-01 
2.200375e+00 
4.358947e+00 
6.456868e+00 
7.949455e+00 
8.968172e+00 
9.589575e+00 
9.645117e+00 
9.965828e+00 
1.000272e+01 
1.008898e+01 
9.676772e+00 
8.778701e+00 
6.984823e+00 
5.171532e+00 
3.649018e+00 
2.345666e+00 
9.234314e-01 
-3.991122e-01 
-1.473900e+00 
-2.457036e+00 
-3.662605e+00 
-5.039830e+00 
-7.183698e+00 
-1.027710e+01 
-1.294159e+01 
-1.409121e+01 
-1.410252e+01 
-1.390220e+01 
-1.318254e+01 
-1.192183e+01 
-1.026250e+01 
-8.240067e+00 
-6.087584e+00 
-3.618756e+00 
-6.752994e-01 
2.309963e+00 
4.620960e+00 
6.501155e+00 
7.832415e+00 
8.714463e+00 
9.405984e+00 
9.649060e+00 
9.621093e+00 
9.427248e+00 
9.252763e+00 
8.726133e+00 
7.895330e+00 
6.797035e+00 
5.169570e+00 
3.185910e+00 
2.783621e-01 
-2.982730e+00 
-5.885185e+00 
-7.851066e+00 
-8.907846e+00 
-8.728816e+00 
-8.357976e+00 
-8.081399e+00 
-8.310300e+00 
-8.140916e+00 
-7.713151e+00 
-7.256055e+00 
-6.443782e+00 
-4.798441e+00 
-3.067089e+00 
-1.639769e+00 
4.121047e-02 
1.882987e+00 
3.515434e+00 
4.572904e+00 
5.572247e+00 
6.343175e+00 
6.192186e+00 
5.448414e+00 
5.616230e+00 
6.444024e+00 
7.667779e+00 
7.885700e+00 
7.078807e+00 
5.514661e+00 
3.907407e+00 
2.789870e+00 
2.246494e+00 
1.989703e+00 
1.563687e+00 
-8.770826e-02 
-1.563860e+00 
-3.077001e+00 
-4.488452e+00 
-5.769838e+00 
-6.070437e+00 
-5.766911e+00 
-4.927421e+00 
-4.193870e+00 
-2.978821e+00 
-2.165158e+00 
-1.526521e+00 
-1.126685e+00 
-6.153874e-01 
-1.382701e-01 
-1.828312e-01 
-2.815863e-01 
-5.065019e-01 
-5.364615e-01 
-7.306479e-01 
-1.162796e+00 
-1.516291e+00 
-1.237869e+00 
-4.772584e-01 
9.826275e-01 
2.438500e+00 
3.219550e+00 
3.255625e+00 
3.300112e+00 
3.410656e+00 
3.298430e+00 
2.755720e+00 
1.900358e+00 
5.496254e-01 
-1.399549e+00 
-3.627341e+00 
-5.245586e+00 
-6.670598e+00 
-7.761879e+00 
-8.289820e+00 
-8.964749e+00 
-9.390113e+00 
-9.416252e+00 
-9.134064e+00 
-8.842472e+00 
-8.498236e+00 
-7.804218e+00 
-6.954085e+00 
-5.613710e+00 
-3.666662e+00 
-9.963196e-01 
1.641026e+00 
4.252044e+00 
6.716971e+00 
8.815102e+00 
1.037816e+01 
1.051891e+01 
1.022248e+01 
9.813560e+00 
9.156622e+00 
7.715442e+00 
5.949049e+00 
3.916460e+00 
1.411316e+00 
-1.536157e+00 
-4.302482e+00 
-6.328291e+00 
-7.591302e+00 
-8.201277e+00 
-8.251746e+00 
-8.725460e+00 
-9.730543e+00 
-1.065642e+01 
-1.079239e+01 
-1.089022e+01 
-1.051170e+01 
-9.770699e+00 
-8.553041e+00 
-6.908488e+00 
-5.525131e+00 
-4.216672e+00 
-2.759156e+00 
-1.160986e+00 
4.329223e-01 
2.173368e+00 
3.963966e+00 
5.836117e+00 
7.340472e+00 
8.665653e+00 
9.200546e+00 
8.898786e+00 
7.567151e+00 
5.739590e+00 
3.885543e+00 
1.516714e+00 
-9.266514e-01 
-3.005987e+00 
-4.197074e+00 
-4.723768e+00 
-5.014936e+00 
-5.410908e+00 
-5.948413e+00 
-6.391317e+00 
-6.288489e+00 
-5.943837e+00 
-5.519379e+00 
-4.671843e+00 
-3.647246e+00 
-2.726553e+00 
-2.219138e+00 
-1.587340e+00 
-6.883972e-01 
-5.375024e-02 
2.369929e-01 
-3.787466e-03 
3.576818e-01 
1.007656e+00 
1.508508e+00 
1.506976e+00 
9.051121e-01 
7.518776e-01 
1.176916e+00 
1.397134e+00 
1.142297e+00 
3.928817e-01 
-1.030655e+00 
-2.284782e+00 
-2.982496e+00 
-3.388305e+00 
-3.274614e+00 
-2.932427e+00 
-2.540021e+00 
-1.853975e+00 
-1.169780e+00 
-1.059445e+00 
-1.464998e+00 
-1.788910e+00 
-1.991626e+00 
-1.639173e+00 
-4.971980e-01 
6.568015e-01 
1.770236e+00 
2.674728e+00 
3.683098e+00 
4.842354e+00 
5.510012e+00 
5.570075e+00 
5.669052e+00 
6.063615e+00 
6.786937e+00 
7.300428e+00 
7.563718e+00 
7.342440e+00 
7.117300e+00 
6.597606e+00 
6.436923e+00 
6.126036e+00 
5.439256e+00 
4.637062e+00 
3.573950e+00 
2.555251e+00 
1.551722e+00 
3.537582e-01 
-1.118088e+00 
-2.844071e+00 
-4.070876e+00 
-5.058643e+00 
-5.549932e+00 
-5.933455e+00 
-6.113267e+00 
-6.359298e+00 
-6.209633e+00 
-5.996330e+00 
-6.004024e+00 
-6.277393e+00 
-6.602566e+00 
-6.694899e+00 
-6.105101e+00 
-4.972102e+00 
-3.443628e+00 
-1.876967e+00 
-2.895249e-01 
1.448750e+00 
2.870759e+00 
4.074428e+00 
4.972834e+00 
5.624117e+00 
6.446231e+00 
7.398134e+00 
8.287104e+00 
9.471701e+00 
1.106202e+01 
1.244137e+01 
1.312717e+01 
1.278606e+01 
1.165324e+01 
9.703304e+00 
7.235589e+00 
4.280085e+00 
1.209254e+00 
-1.348798e+00 
-3.882731e+00 
-5.988580e+00 
-7.058225e+00 
-7.355541e+00 
-7.572093e+00 
-8.107150e+00 
-8.321399e+00 
-8.323345e+00 
-7.761509e+00 
-7.002240e+00 
-5.966545e+00 
-4.621074e+00 
-3.144483e+00 
-7.285598e-01 
1.800879e+00 
3.850441e+00 
5.688310e+00 
7.153518e+00 
8.788734e+00 
1.064117e+01 
1.265593e+01 
1.450073e+01 
1.597762e+01 
1.630202e+01 
1.597589e+01 
1.526134e+01 
1.385296e+01 
1.136553e+01 
8.202932e+00 
5.386134e+00 
2.491139e+00 
-9.481509e-01 
-4.991956e+00 
-9.357914e+00 
-1.330356e+01 
-1.656634e+01 
-1.896011e+01 
-2.035523e+01 
-2.045263e+01 
-1.920898e+01 
-1.691902e+01 
-1.474246e+01 
-1.310732e+01 
-1.110378e+01 
-8.232849e+00 
-4.491304e+00 
4.890459e-01 
5.288320e+00 
9.504798e+00 
1.300985e+01 
1.583891e+01 
1.798951e+01 
1.981767e+01 
2.097526e+01 
2.156199e+01 
2.155034e+01 
2.090148e+01 
1.974990e+01 
1.788523e+01 
1.533276e+01 
1.264311e+01 
9.353372e+00 
5.321410e+00 
8.147264e-01 
-3.807462e+00 
-7.977031e+00 
-1.150366e+01 
-1.420153e+01 
-1.619859e+01 
-1.747937e+01 
-1.845017e+01 
-1.931062e+01 
-1.969273e+01 
-1.947660e+01 
-1.795837e+01 
-1.538459e+01 
-1.198271e+01 
-8.032682e+00 
-3.704302e+00 
8.942905e-01 
5.309285e+00 
9.024991e+00 
1.198475e+01 
1.455349e+01 
1.713059e+01 
1.940563e+01 
2.131098e+01 
2.245205e+01 
2.267824e+01 
2.201336e+01 
1.990737e+01 
1.700545e+01 
1.336264e+01 
8.968198e+00 
4.360621e+00 
4.383988e-01 
-2.076295e+00 
-3.557187e+00 
-4.810335e+00 
-6.406172e+00 
-8.638406e+00 
-1.120171e+01 
-1.328410e+01 
-1.456334e+01 
-1.514238e+01 
-1.515716e+01 
-1.445323e+01 
-1.283714e+01 
-1.064169e+01 
-8.492209e+00 
-6.009724e+00 
-3.539093e+00 
-1.014131e+00 
1.474369e+00 
2.944167e+00 
3.399547e+00 
3.938830e+00 
4.690399e+00 
5.539136e+00 
6.276593e+00 
6.959924e+00 
7.553244e+00 
7.771160e+00 
7.954664e+00 
8.030355e+00 
7.512581e+00 
6.355981e+00 
4.378148e+00 
2.617895e+00 
1.043927e+00 
-4.261854e-01 
-2.619435e+00 
-5.171507e+00 
-7.398541e+00 
-8.650105e+00 
-9.355374e+00 
-9.546919e+00 
-9.831886e+00 
-1.005895e+01 
-9.670419e+00 
-8.380766e+00 
-6.628228e+00 
-5.539476e+00 
-4.800603e+00 
-3.219791e+00 
-1.398216e+00 
-2.699345e-01 
4.640954e-01 
6.851790e-01 
1.956499e+00 
3.673968e+00 
5.256342e+00 
6.047574e+00 
6.315884e+00 
6.196575e+00 
5.489879e+00 
4.759962e+00 
4.252303e+00 
3.642627e+00 
3.719989e+00 
4.367699e+00 
4.949003e+00 
4.518875e+00 
3.902582e+00 
3.038464e+00 
1.594775e+00 
-1.710298e-01 
-1.986560e+00 
-3.563710e+00 
-4.527265e+00 
-4.935893e+00 
-5.063980e+00 
-4.888532e+00 
-4.859475e+00 
-4.836578e+00 
-4.148200e+00 
-2.737948e+00 
-1.237015e+00 
-3.210752e-01 
7.283377e-01 
2.512587e+00 
5.248513e+00 
8.246148e+00 
1.030289e+01 
1.115985e+01 
1.079457e+01 
9.472219e+00 
8.177355e+00 
7.096439e+00 
5.911736e+00 
4.415283e+00 
2.402030e+00 
2.179858e-01 
-1.914139e+00 
-4.273004e+00 
-6.748181e+00 
-9.032541e+00 
-1.102897e+01 
-1.241278e+01 
-1.266639e+01 
-1.220826e+01 
-1.121664e+01 
-9.948668e+00 
-8.378444e+00 
-6.501780e+00 
-4.955325e+00 
-3.108070e+00 
-2.524621e-01 
3.570388e+00 
7.004484e+00 
1.012781e+01 
1.353841e+01 
1.615541e+01 
1.812224e+01 
1.878512e+01 
1.781510e+01 
1.604819e+01 
1.399550e+01 
1.181988e+01 
9.434331e+00 
6.381116e+00 
2.661442e+00 
-9.043412e-01 
-4.565729e+00 
-8.333728e+00 
-1.183687e+01 
-1.425454e+01 
-1.534433e+01 
-1.621562e+01 
-1.617924e+01 
-1.603299e+01 
-1.577015e+01 
-1.502584e+01 
-1.374407e+01 
-1.232747e+01 
-1.076895e+01 
-8.992166e+00 
-6.466702e+00 
-3.263873e+00 
9.703728e-02 
2.994969e+00 
5.110026e+00 
7.121825e+00 
9.474219e+00 
1.201704e+01 
1.401117e+01 
1.515073e+01 
1.551776e+01 
1.523391e+01 
1.395133e+01 
1.210939e+01 
9.778604e+00 
7.494653e+00 
5.035340e+00 
2.152674e+00 
-4.082673e-01 
-2.273351e+00 
-3.802050e+00 
-6.094640e+00 
-8.665782e+00 
-1.129534e+01 
-1.374885e+01 
-1.554809e+01 
-1.645828e+01 
-1.672246e+01 
-1.558146e+01 
-1.317087e+01 
-1.046991e+01 
-7.947678e+00 
-5.436362e+00 
-3.086254e+00 
-1.506855e+00 
1.686540e-01 
2.195895e+00 
4.873276e+00 
7.114117e+00 
9.250634e+00 
1.139952e+01 
1.323210e+01 
1.469424e+01 
1.568406e+01 
1.536479e+01 
1.407978e+01 
1.268311e+01 
1.170026e+01 
1.001010e+01 
7.275607e+00 
4.018869e+00 
8.669248e-01 
-2.494981e+00 
-5.565792e+00 
-8.503188e+00 
-1.078461e+01 
-1.329350e+01 
-1.561685e+01 
-1.730541e+01 
-1.801264e+01 
-1.715014e+01 
-1.566575e+01 
-1.387335e+01 
-1.164123e+01 
-9.743947e+00 
-8.201403e+00 
-6.624837e+00 
-4.277830e+00 
-7.928060e-01 
3.034502e+00 
6.766070e+00 
1.007667e+01 
1.236747e+01 
1.376619e+01 
1.463367e+01 
1.514549e+01 
1.520551e+01 
1.408672e+01 
1.181012e+01 
9.201347e+00 
6.662283e+00 
4.460132e+00 
2.231238e+00 
-2.684028e-01 
-2.854856e+00 
-5.744603e+00 
-9.239324e+00 
-1.284512e+01 
-1.631103e+01 
-1.867709e+01 
-1.957501e+01 
-1.962849e+01 
-1.908993e+01 
-1.759474e+01 
-1.567491e+01 
-1.356901e+01 
-1.109720e+01 
-8.372367e+00 
-5.525332e+00 
-2.369867e+00 
1.472252e+00 
5.637181e+00 
1.023911e+01 
1.488806e+01 
1.866950e+01 
2.099632e+01 
2.192371e+01 
2.114368e+01 
2.008842e+01 
1.980026e+01 
2.045025e+01 
2.073408e+01 
2.017401e+01 
1.845563e+01 
1.582633e+01 
1.248606e+01 
8.230142e+00 
3.697656e+00 
-7.182478e-01 
-4.618003e+00 
-8.440457e+00 
-1.174941e+01 
-1.481388e+01 
-1.724190e+01 
-1.902533e+01 
-2.024341e+01 
-2.148946e+01 
-2.205498e+01 
-2.189213e+01 
-2.054893e+01 
-1.859130e+01 
-1.588124e+01 
-1.288792e+01 
-9.460600e+00 
-5.813102e+00 
-1.936139e+00 
1.723500e+00 
4.805089e+00 
7.215193e+00 
9.488281e+00 
1.232014e+01 
1.515678e+01 
1.728325e+01 
1.896500e+01 
1.989775e+01 
1.995506e+01 
1.895035e+01 
1.699683e+01 
1.472824e+01 
1.249587e+01 
9.945310e+00 
7.513233e+00 
5.440732e+00 
3.147461e+00 
1.739859e-01 
-3.137247e+00 
-6.525294e+00 
-9.606934e+00 
-1.202421e+01 
-1.322865e+01 
-1.372206e+01 
-1.399679e+01 
-1.368352e+01 
-1.329390e+01 
-1.296435e+01 
-1.186293e+01 
-1.010994e+01 
-8.249682e+00 
-5.927521e+00 
-3.333266e+00 
-1.853016e-02 
3.778021e+00 
7.536713e+00 
1.069492e+01 
1.296170e+01 
1.431945e+01 
1.508797e+01 
1.458953e+01 
1.388038e+01 
1.319315e+01 
1.255419e+01 
1.114956e+01 
9.193003e+00 
6.238514e+00 
2.509793e+00 
-8.743487e-01 
-4.339386e+00 
-7.474870e+00 
-9.998029e+00 
-1.199421e+01 
-1.334181e+01 
-1.439791e+01 
-1.560829e+01 
-1.627536e+01 
-1.566001e+01 
-1.412073e+01 
-1.224985e+01 
-1.001674e+01 
-6.838754e+00 
-3.787627e+00 
-1.138799e+00 
1.433128e+00 
3.911390e+00 
6.248918e+00 
8.506736e+00 
1.061691e+01 
1.276053e+01 
1.463142e+01 
1.579900e+01 
1.612875e+01 
1.551177e+01 
1.466303e+01 
1.369104e+01 
1.243557e+01 
1.154879e+01 
1.034283e+01 
8.345637e+00 
5.799094e+00 
3.556388e+00 
2.085415e+00 
4.805693e-01 
-1.919887e+00 
-4.915996e+00 
-7.797345e+00 
-1.056529e+01 
-1.323108e+01 
-1.553127e+01 
-1.667077e+01 
-1.680411e+01 
-1.663459e+01 
-1.621633e+01 
-1.523684e+01 
-1.354659e+01 
-1.131197e+01 
-8.166417e+00 
-4.781854e+00 
-1.870495e+00 
5.296214e-01 
3.225436e+00 
6.403178e+00 
9.180725e+00 
1.215927e+01 
1.551567e+01 
1.825322e+01 
1.976907e+01 
1.998101e+01 
1.904679e+01 
1.696231e+01 
1.412338e+01 
1.142969e+01 
9.102480e+00 
6.980907e+00 
4.501330e+00 
1.576269e+00 
-1.851505e+00 
-6.236700e+00 
-1.010811e+01 
-1.330542e+01 
-1.558366e+01 
-1.705298e+01 
-1.769301e+01 
-1.773987e+01 
-1.759410e+01 
-1.690029e+01 
-1.585285e+01 
-1.404638e+01 
-1.108874e+01 
-7.114026e+00 
-2.633617e+00 
1.777364e+00 
5.900337e+00 
9.203393e+00 
1.179330e+01 
1.299663e+01 
1.340608e+01 
1.419825e+01 
1.459485e+01 
1.444323e+01 
1.402298e+01 
1.394055e+01 
1.341764e+01 
1.220766e+01 
1.026716e+01 
7.677172e+00 
4.427623e+00 
7.872257e-01 
-2.893194e+00 
-6.781595e+00 
-1.059979e+01 
-1.406022e+01 
-1.689020e+01 
-1.864858e+01 
-1.928019e+01 
-1.940443e+01 
-1.906825e+01 
-1.818622e+01 
-1.673948e+01 
-1.529520e+01 
-1.327896e+01 
-1.057809e+01 
-7.047066e+00 
-3.485263e+00 
-6.357875e-02 
3.751233e+00 
7.427052e+00 
1.084755e+01 
1.292657e+01 
1.437906e+01 
1.528044e+01 
1.612902e+01 
1.683984e+01 
1.747950e+01 
1.743976e+01 
1.635487e+01 
1.432300e+01 
1.263539e+01 
1.151267e+01 
1.001372e+01 
7.660029e+00 
4.396271e+00 
6.525168e-01 
-3.042053e+00 
-6.465442e+00 
-8.685852e+00 
-1.007480e+01 
-1.113324e+01 
-1.211268e+01 
-1.291339e+01 
-1.321082e+01 
-1.275750e+01 
-1.166522e+01 
-9.871706e+00 
-7.721604e+00 
-5.124725e+00 
-2.718734e+00 
-6.978217e-01 
4.778761e-01 
1.599273e+00 
3.062170e+00 
4.687415e+00 
6.604027e+00 
8.581284e+00 
1.032176e+01 
1.170480e+01 
1.247484e+01 
1.254121e+01 
1.208888e+01 
1.063407e+01 
8.897645e+00 
6.986198e+00 
4.529410e+00 
1.504736e+00 
-1.039039e+00 
-3.250615e+00 
-5.294983e+00 
-7.086404e+00 
-8.888820e+00 
-1.044816e+01 
-1.116685e+01 
-1.068326e+01 
-9.518406e+00 
-8.177476e+00 
-6.603436e+00 
-5.410611e+00 
-4.461680e+00 
-3.093997e+00 
-1.518196e+00 
4.220282e-02 
1.176782e+00 
2.131582e+00 
3.118648e+00 
4.487990e+00 
5.931093e+00 
6.550796e+00 
6.502560e+00 
6.090082e+00 
5.864438e+00 
5.985039e+00 
5.924164e+00 
5.620565e+00 
4.912839e+00 
4.076575e+00 
3.264510e+00 
2.862042e+00 
2.132157e+00 
1.093018e+00 
2.863946e-01 
-2.061096e-01 
-1.022903e+00 
-2.332042e+00 
-3.976329e+00 
-5.623240e+00 
-6.032495e+00 
-5.295266e+00 
-4.638551e+00 
-4.415566e+00 
-4.709107e+00 
-4.591605e+00 
-4.353020e+00 
-4.007471e+00 
-3.342598e+00 
-2.346379e+00 
-1.249483e+00 
4.539400e-01 
2.250761e+00 
3.463289e+00 
4.460208e+00 
5.432532e+00 
6.515806e+00 
7.540547e+00 
7.433282e+00 
6.199429e+00 
4.374935e+00 
3.095910e+00 
1.715289e+00 
-1.800443e-01 
-1.935164e+00 
-3.108560e+00 
-4.178000e+00 
-5.271992e+00 
-6.558920e+00 
-7.717050e+00 
-8.232905e+00 
-8.577788e+00 
-8.283768e+00 
-7.789591e+00 
-7.022847e+00 
-5.905442e+00 
-4.521849e+00 
-3.502112e+00 
-2.378777e+00 
-1.255579e+00 
5.026117e-01 
2.702250e+00 
5.036828e+00 
6.170890e+00 
6.555393e+00 
6.771647e+00 
6.575981e+00 
6.168642e+00 
6.569414e+00 
7.213729e+00 
6.797678e+00 
5.114462e+00 
3.337532e+00 
1.981039e+00 
3.765605e-01 
-1.467535e+00 
-3.588586e+00 
-5.782734e+00 
-7.492314e+00 
-8.499655e+00 
-8.924368e+00 
-8.793194e+00 
-8.590973e+00 
-7.516220e+00 
-5.845383e+00 
-4.289547e+00 
-3.115956e+00 
-1.652644e+00 
7.514062e-02 
1.678007e+00 
3.407633e+00 
5.047079e+00 
7.059033e+00 
8.658295e+00 
9.511827e+00 
9.706482e+00 
8.797920e+00 
7.880797e+00 
7.270279e+00 
6.817231e+00 
6.423866e+00 
5.843291e+00 
5.089460e+00 
4.065818e+00 
2.561847e+00 
1.049013e+00 
-9.993010e-01 
-2.873055e+00 
-4.634836e+00 
-5.675850e+00 
-5.862340e+00 
-5.336499e+00 
-4.239371e+00 
-3.439305e+00 
-2.888892e+00 
-2.416672e+00 
-1.641844e+00 
-4.848661e-01 
8.859320e-01 
2.444474e+00 
3.989357e+00 
5.279743e+00 
6.381674e+00 
7.556417e+00 
8.418528e+00 
9.001369e+00 
9.355456e+00 
9.213163e+00 
9.065708e+00 
9.213295e+00 
9.431142e+00 
9.894336e+00 
9.487540e+00 
8.311285e+00 
6.340192e+00 
3.886569e+00 
1.144286e+00 
-1.211463e+00 
-2.631364e+00 
-3.600708e+00 
-4.345489e+00 
-5.026880e+00 
-5.470643e+00 
-5.966441e+00 
-6.710819e+00 
-7.223270e+00 
-7.179068e+00 
-6.420555e+00 
-5.616805e+00 
-4.740789e+00 
-3.510780e+00 
-1.686357e+00 
7.533648e-01 
3.368993e+00 
5.726110e+00 
8.055403e+00 
1.025656e+01 
1.129434e+01 
1.151606e+01 
1.170335e+01 
1.216363e+01 
1.225067e+01 
1.201287e+01 
1.116447e+01 
1.016230e+01 
8.685439e+00 
6.749468e+00 
4.514783e+00 
1.880761e+00 
-1.298751e+00 
-4.710141e+00 
-7.623282e+00 
-1.072006e+01 
-1.287932e+01 
-1.361333e+01 
-1.320308e+01 
-1.278063e+01 
-1.285991e+01 
-1.333044e+01 
-1.365250e+01 
-1.290091e+01 
-1.133879e+01 
-9.325708e+00 
-6.914138e+00 
-3.579637e+00 
-9.063064e-03 
3.241985e+00 
5.614891e+00 
7.576407e+00 
9.388541e+00 
1.051937e+01 
1.146808e+01 
1.205000e+01 
1.201730e+01 
1.144720e+01 
1.056539e+01 
9.112112e+00 
7.360151e+00 
5.351833e+00 
2.688432e+00 
-4.703092e-01 
-3.489009e+00 
-6.338491e+00 
-8.608279e+00 
-1.028781e+01 
-1.128619e+01 
-1.216879e+01 
-1.281287e+01 
-1.281688e+01 
-1.249704e+01 
-1.225708e+01 
-1.136544e+01 
-1.012123e+01 
-9.016912e+00 
-7.814999e+00 
-6.264240e+00 
-4.101002e+00 
-1.415623e+00 
1.034473e+00 
2.786274e+00 
3.655187e+00 
3.823248e+00 
3.473537e+00 
2.925044e+00 
3.023808e+00 
3.417180e+00 
3.898963e+00 
3.816864e+00 
3.814743e+00 
4.074795e+00 
4.014995e+00 
3.318737e+00 
2.003515e+00 
6.836125e-01 
-3.424242e-01 
-1.517899e+00 
-2.882692e+00 
-4.588228e+00 
-6.633667e+00 
-8.494132e+00 
-9.524263e+00 
-1.003989e+01 
-1.053697e+01 
-1.091587e+01 
-1.088400e+01 
-9.843568e+00 
-8.431488e+00 
-7.080481e+00 
-5.649382e+00 
-3.577191e+00 
-1.360219e+00 
7.052581e-01 
2.516961e+00 
4.153128e+00 
5.937384e+00 
7.361495e+00 
8.088702e+00 
8.086685e+00 
7.734727e+00 
7.071878e+00 
6.435992e+00 
6.229873e+00 
6.663871e+00 
7.051648e+00 
6.963507e+00 
6.468645e+00 
5.187994e+00 
3.023694e+00 
7.952910e-01 
-1.226484e+00 
-3.361388e+00 
-5.722938e+00 
-7.555351e+00 
-8.519282e+00 
-8.435084e+00 
-7.998500e+00 
-7.807937e+00 
-7.273823e+00 
-6.774137e+00 
-5.974601e+00 
-5.301847e+00 
-4.251002e+00 
-2.714413e+00 
-1.383191e+00 
-4.267540e-02 
1.279277e+00 
2.953381e+00 
4.306355e+00 
5.671547e+00 
6.393186e+00 
6.861469e+00 
7.114188e+00 
7.534892e+00 
7.704780e+00 
7.987072e+00 
8.258195e+00 
8.230344e+00 
7.581823e+00 
6.978139e+00 
5.591474e+00 
3.316236e+00 
4.640750e-01 
-2.289629e+00 
-4.581855e+00 
-6.274277e+00 
-7.212996e+00 
-8.143834e+00 
-9.355743e+00 
-1.058076e+01 
-1.162409e+01 
-1.203587e+01 
-1.142291e+01 
-1.016486e+01 
-8.647127e+00 
-7.136461e+00 
-5.363383e+00 
-2.957016e+00 
-2.323864e-01 
2.457715e+00 
4.675445e+00 
6.350171e+00 
8.166111e+00 
1.010254e+01 
1.186358e+01 
1.244331e+01 
1.218815e+01 
1.158081e+01 
1.105200e+01 
1.081662e+01 
1.058296e+01 
9.340073e+00 
7.634584e+00 
5.415467e+00 
3.490288e+00 
1.497688e+00 
-3.943794e-01 
-1.775270e+00 
-3.497650e+00 
-5.711722e+00 
-7.557792e+00 
-9.543403e+00 
-1.085173e+01 
-1.121320e+01 
-1.086887e+01 
-1.021490e+01 
-9.313036e+00 
-7.966749e+00 
-5.571516e+00 
-3.057363e+00 
-6.554920e-01 
9.544826e-01 
2.486779e+00 
3.972090e+00 
5.419940e+00 
6.540327e+00 
7.323459e+00 
7.511431e+00 
7.655360e+00 
7.412661e+00 
7.095265e+00 
6.165750e+00 
5.144982e+00 
4.279536e+00 
3.136553e+00 
2.172729e+00 
8.376276e-01 
-1.108979e-01 
-1.110524e+00 
-2.099950e+00 
-3.852096e+00 
-5.710551e+00 
-7.310763e+00 
-7.755253e+00 
-7.527549e+00 
-6.763561e+00 
-5.538113e+00 
-3.439069e+00 
-1.174174e+00 
8.790791e-01 
2.094537e+00 
2.908115e+00 
4.100100e+00 
5.873340e+00 
7.956081e+00 
9.328632e+00 
1.022021e+01 
1.039426e+01 
1.002607e+01 
9.287466e+00 
8.305068e+00 
7.190740e+00 
6.117894e+00 
5.162645e+00 
4.199804e+00 
2.829001e+00 
6.721496e-01 
-2.292077e+00 
-5.184827e+00 
-7.253499e+00 
-8.702330e+00 
-9.436327e+00 
-1.004541e+01 
-1.053333e+01 
-1.085900e+01 
-1.078600e+01 
-9.985686e+00 
-8.720735e+00 
-6.790701e+00 
-4.797839e+00 
-2.529634e+00 
-1.417153e-01 
2.582335e+00 
5.616490e+00 
7.909159e+00 
9.234297e+00 
9.575936e+00 
9.393496e+00 
9.148185e+00 
8.831119e+00 
8.209626e+00 
7.296268e+00 
6.982952e+00 
6.114819e+00 
4.430950e+00 
2.266322e+00 
-4.015445e-02 
-2.252331e+00 
-3.738103e+00 
-4.415375e+00 
-4.465431e+00 
-4.855317e+00 
-5.816734e+00 
-6.806111e+00 
-7.516874e+00 
-7.495655e+00 
-7.109470e+00 
-6.067469e+00 
-4.769411e+00 
-3.527093e+00 
-3.249472e+00 
-3.560523e+00 
-3.798579e+00 
-3.654022e+00 
-3.702764e+00 
-3.641572e+00 
-3.232501e+00 
-2.113774e+00 
-2.647623e-01 
2.516769e+00 
5.555395e+00 
7.826301e+00 
9.468685e+00 
1.035472e+01 
1.088659e+01 
1.088548e+01 
1.053828e+01 
9.132206e+00 
7.614611e+00 
6.386313e+00 
5.686976e+00 
5.143650e+00 
4.151811e+00 
2.895977e+00 
1.500250e+00 
5.545041e-02 
-1.307789e+00 
-2.479453e+00 
-3.360962e+00 
-4.578705e+00 
-5.674287e+00 
-5.983628e+00 
-6.251156e+00 
-6.047435e+00 
-5.238514e+00 
-3.443333e+00 
-1.127293e+00 
1.130314e+00 
3.004188e+00 
3.593714e+00 
2.974828e+00 
2.379051e+00 
2.558030e+00 
2.997412e+00 
3.766697e+00 
4.153551e+00 
4.634224e+00 
5.154586e+00 
5.647865e+00 
6.164244e+00 
5.998309e+00 
4.690335e+00 
3.075145e+00 
1.680649e+00 
9.107864e-01 
-1.069651e-01 
-1.650832e+00 
-3.367747e+00 
-4.472932e+00 
-4.891672e+00 
-4.878218e+00 
-4.615228e+00 
-4.843774e+00 
-5.449647e+00 
-6.379823e+00 
-7.118863e+00 
-7.611415e+00 
-7.090986e+00 
-5.995847e+00 
-4.604621e+00 
-3.319664e+00 
-2.129550e+00 
-7.807906e-01 
5.097275e-01 
1.730337e+00 
2.298618e+00 
2.668397e+00 
3.048424e+00 
3.401979e+00 
3.202273e+00 
2.726025e+00 
2.649000e+00 
2.902245e+00 
3.402637e+00 
3.743045e+00 
3.832273e+00 
3.454136e+00 
2.668327e+00 
1.529052e+00 
5.976904e-01 
-4.688891e-01 
-1.382641e+00 
-2.633176e+00 
-3.633801e+00 
-3.951053e+00 
-3.481305e+00 
-2.498854e+00 
-2.164019e+00 
-2.248439e+00 
-2.497340e+00 
-2.693594e+00 
-2.206532e+00 
-1.268465e+00 
2.358544e-01 
8.548216e-01 
1.243523e+00 
1.079426e+00 
1.163549e+00 
1.248565e+00 
1.362196e+00 
1.184788e+00 
7.502255e-01 
3.498544e-01 
-1.179618e-01 
-6.672461e-01 
-1.193598e+00 
-1.485504e+00 
-1.328895e+00 
-1.090166e+00 
-8.967410e-01 
-5.805969e-01 
-9.205758e-01 
-1.473062e+00 
-1.692020e+00 
-1.041258e+00 
-3.720647e-02 
3.956448e-01 
2.014177e-01 
3.762270e-01 
6.318995e-01 
9.998139e-01 
1.706860e+00 
2.221612e+00 
2.774242e+00 
3.350000e+00 
4.093224e+00 
5.151189e+00 
6.184423e+00 
6.132142e+00 
5.613681e+00 
5.237357e+00 
4.015535e+00 
2.378992e+00 
8.738972e-01 
-3.296776e-01 
-9.184103e-01 
-1.455074e+00 
-1.670847e+00 
-2.141185e+00 
-2.675850e+00 
-3.577846e+00 
-3.925076e+00 
-3.775115e+00 
-3.086643e+00 
-2.115976e+00 
-1.288129e+00 
-3.220516e-01 
5.189814e-01 
1.153601e+00 
2.015928e+00 
3.304756e+00 
4.742566e+00 
5.346379e+00 
5.531638e+00 
5.556419e+00 
5.364120e+00 
4.916559e+00 
4.582147e+00 
4.100738e+00 
3.570333e+00 
3.650523e+00 
3.165385e+00 
2.201789e+00 
1.389866e+00 
1.030745e+00 
1.814113e+00 
2.872090e+00 
3.832502e+00 
4.610156e+00 
5.299776e+00 
5.323878e+00 
4.239789e+00 
2.671586e+00 
1.042901e+00 
-3.851445e-01 
-1.415774e+00 
-2.209284e+00 
-2.747836e+00 
-2.789089e+00 
-3.044885e+00 
-4.023574e+00 
-5.181767e+00 
-6.057856e+00 
-6.114399e+00 
-5.345548e+00 
-4.217427e+00 
-2.676576e+00 
-1.121153e+00 
2.414597e-01 
1.383220e+00 
2.401357e+00 
3.363597e+00 
4.338186e+00 
5.027843e+00 
5.448009e+00 
6.028896e+00 
6.756882e+00 
7.222625e+00 
6.841764e+00 
5.307821e+00 
3.411279e+00 
1.646019e+00 
2.709975e-01 
-3.840172e-01 
-8.544287e-01 
-7.098835e-01 
-1.047436e+00 
-1.670531e+00 
-1.803426e+00 
-1.969471e+00 
-2.279962e+00 
-2.632403e+00 
-3.677879e+00 
-4.751957e+00 
-5.067736e+00 
-4.524970e+00 
-3.335778e+00 
-1.972645e+00 
-4.277337e-01 
1.222409e+00 
2.871834e+00 
4.466323e+00 
5.923304e+00 
7.076951e+00 
7.145470e+00 
6.398904e+00 
4.910788e+00 
3.394049e+00 
2.188239e+00 
1.271680e+00 
7.229043e-01 
4.066391e-01 
3.768393e-02 
-4.482682e-01 
-9.782818e-01 
-1.930853e+00 
-3.701279e+00 
-5.870612e+00 
-7.652960e+00 
-7.739260e+00 
-7.196887e+00 
-6.533826e+00 
-6.004753e+00 
-5.386636e+00 
-4.647705e+00 
-3.909068e+00 
-2.714804e+00 
-1.436240e+00 
-2.978446e-01 
9.700499e-01 
2.757334e+00 
4.871638e+00 
6.554514e+00 
7.181450e+00 
7.733567e+00 
8.511460e+00 
9.225481e+00 
9.471263e+00 
8.612804e+00 
7.147319e+00 
6.029960e+00 
5.135089e+00 
3.621288e+00 
1.899831e+00 
1.168884e+00 
2.936386e-01 
-1.129792e+00 
-2.269132e+00 
-3.510748e+00 
-5.015388e+00 
-6.687425e+00 
-8.389328e+00 
-9.892868e+00 
-1.023413e+01 
-9.170034e+00 
-7.903923e+00 
-7.107300e+00 
-6.211494e+00 
-4.984255e+00 
-4.265643e+00 
-3.617558e+00 
-2.968190e+00 
-2.389136e+00 
-1.691347e+00 
-4.728612e-01 
8.540921e-01 
2.021391e+00 
2.739170e+00 
3.635227e+00 
4.874950e+00 
6.001331e+00 
6.775638e+00 
6.929242e+00 
6.553259e+00 
5.676566e+00 
4.811710e+00 
3.578705e+00 
2.490692e+00 
8.956227e-01 
-6.492128e-01 
-2.336790e+00 
-3.491999e+00 
-4.639214e+00 
-5.082127e+00 
-5.233914e+00 
-5.300640e+00 
-5.556372e+00 
-5.514545e+00 
-5.370839e+00 
-4.961028e+00 
-3.826834e+00 
-2.367173e+00 
-1.218779e+00 
-7.175445e-01 
-8.429493e-01 
-3.239254e-01 
2.506331e-01 
1.007887e+00 
1.451164e+00 
1.452720e+00 
1.323962e+00 
1.433853e+00 
2.309642e+00 
3.992386e+00 
5.940552e+00 
7.996834e+00 
9.891245e+00 
1.071819e+01 
1.011613e+01 
8.816724e+00 
7.241283e+00 
5.671635e+00 
4.435177e+00 
2.887973e+00 
1.209946e+00 
-6.629237e-01 
-2.345321e+00 
-3.851827e+00 
-4.697415e+00 
-4.914209e+00 
-5.066916e+00 
-4.850807e+00 
-5.001869e+00 
-4.814762e+00 
-4.045208e+00 
-3.459630e+00 
-2.809368e+00 
-1.994933e+00 
-1.086957e+00 
-6.687088e-01 
-1.690208e-01 
8.296358e-01 
1.966334e+00 
2.372376e+00 
1.946390e+00 
1.391872e+00 
5.983745e-01 
2.238036e-01 
2.566933e-01 
6.662469e-01 
5.913698e-01 
7.272328e-01 
1.573818e+00 
2.197054e+00 
3.098599e+00 
3.941612e+00 
4.995440e+00 
5.479812e+00 
4.129210e+00 
1.826971e+00 
-5.030241e-02 
-1.155218e+00 
-1.674976e+00 
-1.718522e+00 
-2.585058e+00 
-3.627756e+00 
-4.698778e+00 
-5.620752e+00 
-6.547819e+00 
-7.130355e+00 
-7.823321e+00 
-8.065262e+00 
-7.523277e+00 
-6.473236e+00 
-4.881658e+00 
-2.709375e+00 
-3.236721e-01 
1.784713e+00 
4.009733e+00 
5.881635e+00 
7.329014e+00 
8.671793e+00 
9.903832e+00 
1.148648e+01 
1.237483e+01 
1.278427e+01 
1.245097e+01 
1.179773e+01 
1.063561e+01 
8.957162e+00 
6.520326e+00 
3.796390e+00 
1.439352e+00 
-4.932802e-01 
-2.174813e+00 
-3.380382e+00 
-4.300611e+00 
-5.611065e+00 
-7.805383e+00 
-1.015217e+01 
-1.226098e+01 
-1.345460e+01 
-1.400213e+01 
-1.354790e+01 
-1.227518e+01 
-1.072089e+01 
-8.152720e+00 
-5.004092e+00 
-1.443987e+00 
1.564182e+00 
